0.000010 0.000010 0.024644 0.874438 0.100879 0.000010 0.000010
0.000010 0.000010 0.084261 0.912218 0.003481 0.000010 0.000010
0.000010 0.000010 0.999940 0.000010 0.000010 0.000010 0.000010
0.000010 0.087528 0.023598 0.888833 0.000010 0.000010 0.000010
0.027288 0.119276 0.000010 0.853396 0.000010 0.000010 0.000010
0.032312 0.094075 0.018718 0.854865 0.000010 0.000010 0.000010
0.012102 0.138310 0.000010 0.849548 0.000010 0.000010 0.000010
0.000010 0.000010 0.000010 0.999940 0.000010 0.000010 0.000010
0.000010 0.164252 0.000010 0.835698 0.000010 0.000010 0.000010
0.000010 0.000010 0.000010 0.999940 0.000010 0.000010 0.000010
0.037368 0.019370 0.000010 0.938762 0.004470 0.000010 0.000010
0.013665 0.045294 0.000010 0.926309 0.014701 0.000010 0.000010
0.054329 0.053506 0.000010 0.889969 0.000010 0.002165 0.000010
0.000010 0.000010 0.000010 0.999940 0.000010 0.000010 0.000010
0.000010 0.000010 0.999940 0.000010 0.000010 0.000010 0.000010
0.000010 0.000010 0.999940 0.000010 0.000010 0.000010 0.000010
0.000010 0.000010 0.999940 0.000010 0.000010 0.000010 0.000010
0.000010 0.000010 0.999940 0.000010 0.000010 0.000010 0.000010
0.000010 0.000010 0.999940 0.000010 0.000010 0.000010 0.000010
0.000010 0.000010 0.999940 0.000010 0.000010 0.000010 0.000010
0.000010 0.000010 0.021767 0.859681 0.118511 0.000010 0.000010
0.000010 0.000010 0.060385 0.913589 0.025986 0.000010 0.000010
0.000010 0.000010 0.000010 0.749549 0.250401 0.000010 0.000010
0.000010 0.000010 0.080806 0.780321 0.138833 0.000010 0.000010
0.000010 0.000010 0.003570 0.767958 0.228432 0.000010 0.000010
0.000010 0.000010 0.080387 0.000010 0.919563 0.000010 0.000010
0.000010 0.000010 0.025818 0.785546 0.188597 0.000010 0.000010
0.307236 0.658108 0.000010 0.030204 0.004423 0.000010 0.000010
0.000010 0.000010 0.999940 0.000010 0.000010 0.000010 0.000010
0.000010 0.000010 0.000010 0.809865 0.190085 0.000010 0.000010
0.000010 0.000010 0.099812 0.000010 0.900138 0.000010 0.000010
0.000010 0.000010 0.999940 0.000010 0.000010 0.000010 0.000010
0.000010 0.000010 0.000010 0.000010 0.000010 0.000010 0.999940
0.000010 0.000010 0.000010 0.000010 0.000010 0.000010 0.999940
0.000010 0.000010 0.000010 0.000010 0.000010 0.000010 0.999940
0.000010 0.000012 0.000010 0.000010 0.000010 0.000010 0.999938
0.000010 0.000011 0.000010 0.000010 0.000010 0.000010 0.999939
0.000010 0.000010 0.000010 0.000010 0.000010 0.000010 0.999940
0.000010 0.000010 0.000010 0.000010 0.000010 0.000010 0.999940
0.000011 0.000010 0.000010 0.000010 0.000010 0.000010 0.999939
0.000010 0.000012 0.000010 0.000010 0.000010 0.000010 0.999938
0.000010 0.000010 0.000010 0.000010 0.000010 0.000010 0.999940
0.000010 0.000010 0.000017 0.000010 0.000010 0.000010 0.999933
0.000010 0.000010 0.060487 0.722732 0.216741 0.000010 0.000010
0.000010 0.000010 0.000010 0.789706 0.210244 0.000010 0.000010
0.000010 0.000010 0.042151 0.000010 0.957799 0.000010 0.000010
0.000010 0.000010 0.999940 0.000010 0.000010 0.000010 0.000010
0.000010 0.000010 0.999940 0.000010 0.000010 0.000010 0.000010
0.000010 0.000010 0.999940 0.000010 0.000010 0.000010 0.000010
0.000010 0.000010 0.999940 0.000010 0.000010 0.000010 0.000010
0.000010 0.000010 0.999940 0.000010 0.000010 0.000010 0.000010
0.000010 0.000010 0.000010 0.694532 0.305418 0.000010 0.000010
0.000010 0.000010 0.038114 0.672965 0.288880 0.000010 0.000010
0.000010 0.000010 0.999940 0.000010 0.000010 0.000010 0.000010
0.000010 0.000010 0.999940 0.000010 0.000010 0.000010 0.000010
0.000010 0.000010 0.999940 0.000010 0.000010 0.000010 0.000010
0.000010 0.000010 0.110198 0.103214 0.786548 0.000010 0.000010
0.000010 0.000010 0.999940 0.000010 0.000010 0.000010 0.000010
0.000010 0.000010 0.999940 0.000010 0.000010 0.000010 0.000010
0.000010 0.000010 0.992688 0.000010 0.007262 0.000010 0.000010
0.000010 0.000010 0.999940 0.000010 0.000010 0.000010 0.000010
0.000010 0.000010 0.968437 0.000010 0.031513 0.000010 0.000010
0.000010 0.000010 0.999940 0.000010 0.000010 0.000010 0.000010
0.075438 0.862511 0.000010 0.000010 0.000010 0.000010 0.062011
0.016403 0.925580 0.000010 0.000010 0.000010 0.000010 0.057977
0.041111 0.910179 0.000010 0.000010 0.021240 0.000010 0.027440
0.076276 0.872694 0.000010 0.000010 0.000010 0.016833 0.034167
0.000010 0.957178 0.000010 0.000010 0.000010 0.000010 0.042772
0.050772 0.901995 0.000010 0.000010 0.000010 0.020646 0.026557
0.132929 0.812385 0.000010 0.000010 0.000010 0.007754 0.046903
0.000010 0.000010 0.999940 0.000010 0.000010 0.000010 0.000010
0.000010 0.000010 0.999940 0.000010 0.000010 0.000010 0.000010
0.000010 0.000010 0.101311 0.150326 0.748324 0.000010 0.000010
0.000010 0.000010 0.999940 0.000010 0.000010 0.000010 0.000010
0.000010 0.000010 0.999940 0.000010 0.000010 0.000010 0.000010
0.000010 0.000010 0.999940 0.000010 0.000010 0.000010 0.000010
0.031597 0.207305 0.019277 0.715149 0.026652 0.000010 0.000010
0.000010 0.138230 0.012463 0.782512 0.066766 0.000010 0.000010
0.000010 0.130731 0.010500 0.854992 0.003746 0.000010 0.000010
0.015827 0.120233 0.006258 0.826627 0.031035 0.000010 0.000010
0.067597 0.120979 0.014383 0.780910 0.016112 0.000010 0.000010
0.000010 0.183971 0.015026 0.777622 0.023350 0.000010 0.000010
0.000010 0.143433 0.000010 0.837864 0.018004 0.000670 0.000010
0.000010 0.000010 0.035760 0.841334 0.122866 0.000010 0.000010
0.000010 0.000010 0.069838 0.809213 0.120908 0.000010 0.000010
0.000010 0.000010 0.000016 0.782987 0.216957 0.000010 0.000010
0.000010 0.000010 0.041003 0.797289 0.161668 0.000010 0.000010
0.000010 0.000010 0.031341 0.791853 0.176766 0.000010 0.000010
0.000010 0.000010 0.052603 0.787198 0.160159 0.000010 0.000010
0.000010 0.000010 0.072113 0.804356 0.123491 0.000010 0.000010
0.000010 0.000010 0.040815 0.766686 0.192459 0.000010 0.000010
0.064297 0.908266 0.005469 0.000010 0.000010 0.000010 0.021938
0.089252 0.861864 0.003047 0.000010 0.025299 0.000010 0.020518
0.048445 0.950697 0.000010 0.000010 0.000010 0.000010 0.000817
0.000010 0.984855 0.000010 0.000010 0.000010 0.014801 0.000304
0.054446 0.940456 0.000010 0.000010 0.000010 0.005058 0.000010
0.037635 0.955173 0.000010 0.000010 0.000010 0.001771 0.005391
0.056633 0.943317 0.000010 0.000010 0.000010 0.000010 0.000010
0.000010 0.000010 0.039108 0.893515 0.067338 0.000010 0.000010
0.000010 0.000010 0.043830 0.858733 0.097396 0.000010 0.000010
0.026681 0.354833 0.007866 0.553341 0.057259 0.000010 0.000010
0.028337 0.356925 0.015009 0.581399 0.018309 0.000010 0.000010
0.000010 0.359871 0.000010 0.592949 0.047140 0.000010 0.000010
0.000010 0.424530 0.027401 0.545871 0.002169 0.000010 0.000010
0.019569 0.354387 0.015997 0.610017 0.000010 0.000010 0.000010
0.000010 0.388298 0.040584 0.571078 0.000010 0.000010 0.000010
0.000010 0.340926 0.040145 0.618888 0.000010 0.000010 0.000010
0.031316 0.336321 0.000010 0.616162 0.016170 0.000010 0.000010
0.000010 0.000010 0.016954 0.930087 0.052920 0.000010 0.000010
0.000010 0.000010 0.000010 0.901597 0.098353 0.000010 0.000010
0.000010 0.000010 0.037928 0.942802 0.019230 0.000010 0.000010
0.000010 0.000010 0.048420 0.693356 0.258184 0.000010 0.000010
0.000010 0.000010 0.079272 0.756232 0.164456 0.000010 0.000010
0.000010 0.000010 0.000010 0.912023 0.087927 0.000010 0.000010
0.000010 0.000010 0.031867 0.850093 0.118000 0.000010 0.000010
0.000010 0.000010 0.012918 0.896588 0.090454 0.000010 0.000010
0.053515 0.306430 0.024979 0.598185 0.014589 0.000010 0.002292
0.000010 0.000010 0.026620 0.870720 0.102620 0.000010 0.000010
0.000010 0.000010 0.026972 0.864291 0.108698 0.000010 0.000010
0.000010 0.000010 0.999940 0.000010 0.000010 0.000010 0.000010
0.000010 0.000010 0.999940 0.000010 0.000010 0.000010 0.000010
0.000010 0.000010 0.999940 0.000010 0.000010 0.000010 0.000010
0.000010 0.000010 0.999940 0.000010 0.000010 0.000010 0.000010
0.000010 0.000010 0.999940 0.000010 0.000010 0.000010 0.000010
0.000010 0.000010 0.999940 0.000010 0.000010 0.000010 0.000010
0.000010 0.000010 0.999940 0.000010 0.000010 0.000010 0.000010
0.000010 0.000010 0.100813 0.000010 0.899137 0.000010 0.000010
0.000010 0.000010 0.999939 0.000011 0.000010 0.000010 0.000010
0.000010 0.000010 0.999940 0.000010 0.000010 0.000010 0.000010
0.000010 0.000010 0.999940 0.000010 0.000010 0.000010 0.000010
0.000010 0.000010 0.107172 0.000010 0.892778 0.000010 0.000010
0.000010 0.000010 0.999939 0.000011 0.000010 0.000010 0.000010
0.000010 0.000010 0.999940 0.000010 0.000010 0.000010 0.000010
0.000010 0.000010 0.999940 0.000010 0.000010 0.000010 0.000010
0.000010 0.000010 0.999940 0.000010 0.000010 0.000010 0.000010
0.000010 0.000010 0.104981 0.000010 0.894969 0.000010 0.000010
0.000010 0.000010 0.107806 0.650822 0.241331 0.000010 0.000010
0.000010 0.000010 0.135292 0.581641 0.283027 0.000010 0.000010
0.000010 0.000010 0.100434 0.618003 0.281523 0.000010 0.000010
0.000010 0.000010 0.057408 0.561011 0.381541 0.000010 0.000010
0.000010 0.000010 0.083258 0.654295 0.262407 0.000010 0.000010
0.000010 0.000010 0.100199 0.623483 0.276277 0.000010 0.000010
0.000010 0.000010 0.060431 0.619017 0.320511 0.000010 0.000010
0.000010 0.000010 0.040928 0.606278 0.352754 0.000010 0.000010
0.000011 0.000010 0.085563 0.637932 0.276464 0.000010 0.000010
0.000010 0.000010 0.024835 0.849748 0.125377 0.000010 0.000010
0.000010 0.000010 0.058517 0.827319 0.114123 0.000010 0.000010
0.000013 0.000010 0.038982 0.819666 0.141310 0.000010 0.000010
0.000010 0.000010 0.058307 0.793045 0.148608 0.000010 0.000010
0.000010 0.000010 0.071851 0.815701 0.112408 0.000010 0.000010
0.000010 0.000010 0.035571 0.779347 0.185042 0.000010 0.000010
0.000010 0.000010 0.050142 0.593611 0.356207 0.000010 0.000010
0.000010 0.000010 0.999940 0.000010 0.000010 0.000010 0.000010
0.000010 0.000010 0.999940 0.000010 0.000010 0.000010 0.000010
0.000010 0.000010 0.103139 0.632683 0.264137 0.000010 0.000010
0.000010 0.000010 0.044458 0.638903 0.316599 0.000010 0.000010
0.002984 0.000010 0.000010 0.995140 0.001836 0.000010 0.000010
0.055041 0.000010 0.000010 0.944909 0.000010 0.000010 0.000010
0.000010 0.016228 0.000010 0.983722 0.000010 0.000010 0.000010
0.068368 0.000010 0.000010 0.931582 0.000010 0.000010 0.000010
0.004275 0.059926 0.021374 0.914395 0.000010 0.000010 0.000010
0.054600 0.000010 0.024812 0.914779 0.005779 0.000010 0.000010
0.000010 0.020463 0.000010 0.979487 0.000010 0.000010 0.000010
0.044314 0.037576 0.000010 0.887516 0.030563 0.000010 0.000010
0.000010 0.000010 0.000010 0.999940 0.000010 0.000010 0.000010
0.012105 0.000398 0.000010 0.987457 0.000010 0.000010 0.000010
0.065105 0.000010 0.000010 0.934845 0.000010 0.000010 0.000010
0.000010 0.000010 0.999940 0.000010 0.000010 0.000010 0.000010
0.000010 0.000010 0.999940 0.000010 0.000010 0.000010 0.000010
0.000010 0.000010 0.999940 0.000010 0.000010 0.000010 0.000010
0.000010 0.000010 0.999939 0.000011 0.000010 0.000010 0.000010
0.000010 0.000010 0.999940 0.000010 0.000010 0.000010 0.000010
0.000010 0.000010 0.999940 0.000010 0.000010 0.000010 0.000010
0.000010 0.000010 0.041099 0.882989 0.075872 0.000010 0.000010
0.000010 0.000010 0.039313 0.919985 0.040662 0.000010 0.000010
0.000010 0.000010 0.012803 0.909458 0.077700 0.000010 0.000010
0.000010 0.000010 0.037476 0.939485 0.022999 0.000010 0.000010
0.000010 0.000010 0.078425 0.000010 0.921525 0.000010 0.000010
0.000010 0.999940 0.000010 0.000010 0.000010 0.000010 0.000010
0.007191 0.992759 0.000010 0.000010 0.000010 0.000010 0.000010
0.041486 0.958464 0.000010 0.000010 0.000010 0.000010 0.000010
0.091882 0.881744 0.010080 0.000010 0.000010 0.000010 0.016263
0.001872 0.991281 0.006808 0.000010 0.000010 0.000010 0.000010
0.021148 0.978802 0.000010 0.000010 0.000010 0.000010 0.000010
0.085288 0.908241 0.004616 0.000010 0.001826 0.000010 0.000010
0.021285 0.966149 0.012526 0.000010 0.000010 0.000010 0.000010
0.089749 0.910201 0.000010 0.000010 0.000010 0.000010 0.000010
0.078477 0.921473 0.000010 0.000010 0.000010 0.000010 0.000010
0.092305 0.907645 0.000010 0.000010 0.000010 0.000010 0.000010
0.092778 0.902920 0.000010 0.000010 0.000010 0.000010 0.004262
0.088093 0.884527 0.000010 0.000010 0.027339 0.000010 0.000010
0.188453 0.797735 0.000010 0.000010 0.000010 0.000512 0.013270
0.092884 0.881091 0.000010 0.014218 0.000010 0.000010 0.011776
0.006551 0.058582 0.000010 0.904865 0.029971 0.000010 0.000010
0.090779 0.020325 0.001263 0.887603 0.000010 0.000010 0.000010
0.000010 0.000010 0.065770 0.812925 0.121265 0.000010 0.000010
0.000010 0.000010 0.009962 0.823063 0.166935 0.000010 0.000010
0.999940 0.000010 0.000010 0.000010 0.000010 0.000010 0.000010
0.999932 0.000010 0.000010 0.000018 0.000010 0.000010 0.000010
0.066359 0.931229 0.000010 0.000010 0.002372 0.000010 0.000010
0.111125 0.867294 0.000010 0.008541 0.000010 0.000010 0.013010
0.085271 0.914679 0.000010 0.000010 0.000010 0.000010 0.000010
0.100013 0.888736 0.000010 0.000010 0.000010 0.000010 0.011212
0.999940 0.000010 0.000010 0.000010 0.000010 0.000010 0.000010
0.999940 0.000010 0.000010 0.000010 0.000010 0.000010 0.000010
0.999940 0.000010 0.000010 0.000010 0.000010 0.000010 0.000010
0.066950 0.925176 0.000010 0.000010 0.007834 0.000010 0.000010
0.999940 0.000010 0.000010 0.000010 0.000010 0.000010 0.000010
0.079871 0.897474 0.000010 0.000010 0.000010 0.007205 0.015420
0.067384 0.901421 0.000010 0.000010 0.000010 0.014419 0.016747
0.000010 0.979231 0.015413 0.000010 0.000010 0.000010 0.005316
0.039230 0.924969 0.000010 0.000010 0.000010 0.006029 0.029743
0.000010 0.971109 0.000010 0.000010 0.000010 0.022261 0.006591
0.103213 0.866538 0.000010 0.000010 0.000010 0.000010 0.030210
0.038581 0.933844 0.000010 0.000010 0.000010 0.000010 0.027535
0.000010 0.977730 0.000010 0.000010 0.000010 0.000010 0.022220
0.000010 0.978645 0.000010 0.003208 0.011586 0.006532 0.000010
0.124665 0.848904 0.000010 0.000010 0.000010 0.000010 0.026391
0.021034 0.965200 0.000010 0.000010 0.000010 0.005041 0.008695
0.106999 0.873572 0.000010 0.000010 0.000010 0.019389 0.000010
0.000010 0.999940 0.000010 0.000010 0.000010 0.000010 0.000010
0.004788 0.972248 0.003338 0.000010 0.010723 0.008883 0.000010
0.018409 0.954052 0.000010 0.000010 0.014036 0.013473 0.000010
0.000010 0.955637 0.000010 0.000010 0.013376 0.000010 0.030948
0.000010 0.999940 0.000010 0.000010 0.000010 0.000010 0.000010
0.160652 0.809396 0.000010 0.000010 0.000010 0.000010 0.029913
0.005079 0.994871 0.000010 0.000010 0.000010 0.000010 0.000010
0.036799 0.963151 0.000010 0.000010 0.000010 0.000010 0.000010
0.999940 0.000010 0.000010 0.000010 0.000010 0.000010 0.000010
0.999940 0.000010 0.000010 0.000010 0.000010 0.000010 0.000010
0.999940 0.000010 0.000010 0.000010 0.000010 0.000010 0.000010
0.000010 0.000010 0.000010 0.000010 0.000010 0.005948 0.994002
0.000010 0.000010 0.071452 0.662872 0.265636 0.000010 0.000010
0.000010 0.000010 0.000010 0.000010 0.000010 0.000010 0.999940
0.000010 0.000010 0.000010 0.000010 0.000010 0.000010 0.999940
0.000010 0.000010 0.000010 0.000010 0.000010 0.000010 0.999940
0.000010 0.000010 0.000010 0.000010 0.000010 0.016601 0.983349
0.000010 0.000010 0.000010 0.000010 0.000010 0.000010 0.999940
0.000010 0.000010 0.000010 0.000015 0.000010 0.010140 0.989805
0.000010 0.000010 0.000010 0.000010 0.000010 0.031948 0.968002
0.000010 0.000010 0.000010 0.000010 0.000010 0.000010 0.999940
0.000010 0.000010 0.000010 0.000010 0.000010 0.000010 0.999940
0.000010 0.000010 0.000010 0.000010 0.000010 0.000010 0.999940
0.000010 0.000010 0.072030 0.606592 0.321339 0.000010 0.000010
0.000010 0.000010 0.000010 0.000010 0.000010 0.000010 0.999940
0.000010 0.000010 0.000010 0.000010 0.000010 0.000010 0.999940
0.000010 0.000010 0.000010 0.000010 0.000010 0.026278 0.973672
0.000010 0.000010 0.000010 0.000010 0.000010 0.000010 0.999940
0.000010 0.000010 0.000010 0.000010 0.000010 0.000010 0.999940
0.000010 0.000010 0.000010 0.000010 0.000010 0.000010 0.999940
0.000010 0.000010 0.000010 0.000010 0.000010 0.000010 0.999940
0.050568 0.920797 0.000010 0.000010 0.000010 0.000010 0.028595
0.057935 0.896386 0.000010 0.000010 0.000010 0.000010 0.045639
0.101410 0.870598 0.000012 0.008424 0.018221 0.000010 0.001325
0.046583 0.953367 0.000010 0.000010 0.000010 0.000010 0.000010
0.105141 0.894809 0.000010 0.000010 0.000010 0.000010 0.000010
0.101024 0.898926 0.000010 0.000010 0.000010 0.000010 0.000010
0.257858 0.712747 0.009828 0.000010 0.005293 0.014255 0.000010
0.294640 0.680952 0.000010 0.009885 0.000010 0.000010 0.014492
0.230417 0.764473 0.000010 0.000010 0.000010 0.000010 0.005071
0.117670 0.870126 0.000010 0.000010 0.000010 0.001271 0.010903
0.038457 0.952533 0.000010 0.000010 0.008971 0.000010 0.000010
0.108930 0.891020 0.000010 0.000010 0.000010 0.000010 0.000010
0.125509 0.854025 0.000010 0.000010 0.000010 0.000010 0.020426
0.054391 0.945559 0.000010 0.000010 0.000010 0.000010 0.000010
0.249118 0.735902 0.000010 0.014940 0.000010 0.000010 0.000010
0.076351 0.909966 0.013643 0.000010 0.000010 0.000010 0.000010
0.312880 0.659084 0.000010 0.000010 0.017285 0.010721 0.000010
0.266029 0.733921 0.000010 0.000010 0.000010 0.000010 0.000010
0.291532 0.708418 0.000010 0.000010 0.000010 0.000010 0.000010
0.228427 0.771523 0.000010 0.000010 0.000010 0.000010 0.000010
0.179394 0.817502 0.000010 0.000010 0.000010 0.003065 0.000010
0.033261 0.966689 0.000010 0.000010 0.000010 0.000010 0.000010
0.000010 0.000010 0.069793 0.655417 0.274750 0.000010 0.000010
0.000010 0.000010 0.000010 0.812256 0.187694 0.000010 0.000010
0.000010 0.000010 0.023628 0.774296 0.202036 0.000010 0.000010
0.000010 0.000010 0.000010 0.780699 0.219251 0.000010 0.000010
0.000010 0.000010 0.002797 0.851704 0.145460 0.000010 0.000010
0.000010 0.978113 0.006393 0.000010 0.013393 0.000010 0.002071
0.001221 0.984317 0.000010 0.000010 0.000010 0.014423 0.000010
0.088081 0.840302 0.003628 0.000010 0.017711 0.000010 0.050257
0.000010 0.990027 0.000010 0.000010 0.000010 0.009923 0.000010
0.067517 0.924486 0.000010 0.000010 0.000010 0.005548 0.002420
0.000010 0.980040 0.000010 0.000010 0.008972 0.000010 0.010948
0.000010 0.000010 0.006222 0.899944 0.093795 0.000010 0.000010
0.000010 0.000010 0.038726 0.687725 0.273509 0.000010 0.000010
0.030074 0.935125 0.011569 0.000010 0.000010 0.000212 0.023000
0.000010 0.995284 0.000010 0.000010 0.000010 0.004666 0.000010
0.119159 0.853974 0.000010 0.000010 0.000010 0.010222 0.016614
0.111528 0.872554 0.000010 0.000010 0.000010 0.000010 0.015878
0.047396 0.944449 0.000010 0.000010 0.000010 0.008115 0.000010
0.018594 0.981356 0.000010 0.000010 0.000010 0.000010 0.000010
0.999940 0.000010 0.000010 0.000010 0.000010 0.000010 0.000010
0.000010 0.000010 0.000010 0.000010 0.000010 0.003209 0.996741
0.000010 0.000010 0.000010 0.000010 0.000010 0.000010 0.999940
0.000010 0.000010 0.000010 0.000010 0.000010 0.029392 0.970558
0.000010 0.000010 0.000010 0.000010 0.000010 0.030363 0.969587
0.000010 0.000010 0.000010 0.000010 0.000010 0.000010 0.999940
0.999940 0.000010 0.000010 0.000010 0.000010 0.000010 0.000010
0.999940 0.000010 0.000010 0.000010 0.000010 0.000010 0.000010
0.999940 0.000010 0.000010 0.000010 0.000010 0.000010 0.000010
0.999936 0.000010 0.000010 0.000010 0.000010 0.000014 0.000010
0.999940 0.000010 0.000010 0.000010 0.000010 0.000010 0.000010
0.999940 0.000010 0.000010 0.000010 0.000010 0.000010 0.000010
0.999940 0.000010 0.000010 0.000010 0.000010 0.000010 0.000010
0.000010 0.000010 0.105441 0.611349 0.283161 0.000019 0.000010
0.999940 0.000010 0.000010 0.000010 0.000010 0.000010 0.000010
0.999940 0.000010 0.000010 0.000010 0.000010 0.000010 0.000010
0.999940 0.000010 0.000010 0.000010 0.000010 0.000010 0.000010
0.999940 0.000010 0.000010 0.000010 0.000010 0.000010 0.000010
0.999937 0.000010 0.000010 0.000013 0.000010 0.000010 0.000010
0.999940 0.000010 0.000010 0.000010 0.000010 0.000010 0.000010
0.000010 0.328297 0.000010 0.000010 0.000010 0.083868 0.587795
0.000010 0.344314 0.000010 0.000010 0.000010 0.060340 0.595306
0.999940 0.000010 0.000010 0.000010 0.000010 0.000010 0.000010
0.999940 0.000010 0.000010 0.000010 0.000010 0.000010 0.000010
0.999937 0.000010 0.000010 0.000010 0.000013 0.000010 0.000010
0.124661 0.875289 0.000010 0.000010 0.000010 0.000010 0.000010
0.999940 0.000010 0.000010 0.000010 0.000010 0.000010 0.000010
0.999940 0.000010 0.000010 0.000010 0.000010 0.000010 0.000010
0.999940 0.000010 0.000010 0.000010 0.000010 0.000010 0.000010
0.999940 0.000010 0.000010 0.000010 0.000010 0.000010 0.000010
0.999940 0.000010 0.000010 0.000010 0.000010 0.000010 0.000010
0.999940 0.000010 0.000010 0.000010 0.000010 0.000010 0.000010
0.999940 0.000010 0.000010 0.000010 0.000010 0.000010 0.000010
0.999940 0.000010 0.000010 0.000010 0.000010 0.000010 0.000010
0.000010 0.000010 0.130921 0.609022 0.260016 0.000010 0.000010
0.075584 0.924366 0.000010 0.000010 0.000010 0.000010 0.000010
0.279012 0.718252 0.000010 0.000010 0.000010 0.000010 0.002695
0.015976 0.983974 0.000010 0.000010 0.000010 0.000010 0.000010
0.107301 0.892649 0.000010 0.000010 0.000010 0.000010 0.000010
0.019302 0.980648 0.000010 0.000010 0.000010 0.000010 0.000010
0.057742 0.942208 0.000010 0.000010 0.000010 0.000010 0.000010
0.052357 0.946886 0.000717 0.000010 0.000010 0.000010 0.000010
0.098976 0.900974 0.000010 0.000010 0.000010 0.000010 0.000010
0.026400 0.973550 0.000010 0.000010 0.000010 0.000010 0.000010
0.307229 0.687115 0.000010 0.000010 0.000010 0.005616 0.000010
0.999940 0.000010 0.000010 0.000010 0.000010 0.000010 0.000010
0.082479 0.917471 0.000010 0.000010 0.000010 0.000010 0.000010
0.019705 0.971394 0.008861 0.000010 0.000010 0.000010 0.000010
0.102402 0.897548 0.000010 0.000010 0.000010 0.000010 0.000010
0.069491 0.921126 0.000010 0.000010 0.000010 0.000010 0.009342
0.000010 0.999940 0.000010 0.000010 0.000010 0.000010 0.000010
0.000010 0.973121 0.000010 0.000010 0.000010 0.014512 0.012328
0.043053 0.890241 0.019548 0.000010 0.000010 0.000010 0.047128
0.077457 0.875450 0.000010 0.000010 0.000010 0.000010 0.047052
0.017467 0.928786 0.000010 0.018594 0.000010 0.000132 0.035000
0.014905 0.984836 0.000010 0.000010 0.000010 0.000219 0.000010
0.304518 0.680598 0.000010 0.000010 0.000010 0.014844 0.000010
0.054747 0.914037 0.000010 0.000010 0.000010 0.000010 0.031176
0.086935 0.882427 0.000010 0.000010 0.001293 0.001038 0.028287
0.999940 0.000010 0.000010 0.000010 0.000010 0.000010 0.000010
0.200152 0.794149 0.000010 0.000010 0.000010 0.005659 0.000010
0.375840 0.624110 0.000010 0.000010 0.000010 0.000010 0.000010
0.112414 0.840986 0.000010 0.000010 0.000010 0.003724 0.042846
0.000010 0.997684 0.000010 0.000010 0.000010 0.002266 0.000010
0.043680 0.937430 0.000010 0.000010 0.000010 0.018850 0.000010
0.000010 0.982843 0.000010 0.000010 0.000010 0.000010 0.017107
0.032473 0.928068 0.006495 0.000010 0.000010 0.003273 0.029671
0.003393 0.981331 0.000010 0.000010 0.000010 0.000010 0.015237
0.029246 0.954863 0.000010 0.000010 0.000010 0.000010 0.015851
0.041900 0.937802 0.000010 0.000010 0.000010 0.007216 0.013053
0.116839 0.867173 0.000010 0.000010 0.003016 0.012942 0.000010
0.000010 0.000010 0.000010 0.000010 0.999940 0.000010 0.000010
0.000010 0.000010 0.000010 0.895806 0.104144 0.000010 0.000010
0.000010 0.000010 0.000010 0.000010 0.999940 0.000010 0.000010
0.000010 0.000010 0.000010 0.911961 0.087989 0.000010 0.000010
0.000010 0.000010 0.057722 0.629523 0.312715 0.000010 0.000010
0.000010 0.000010 0.000010 0.000010 0.999940 0.000010 0.000010
0.000014 0.000010 0.000010 0.000010 0.999936 0.000010 0.000010
0.000010 0.000010 0.000010 0.000010 0.999940 0.000010 0.000010
0.000010 0.000010 0.000010 0.000010 0.999940 0.000010 0.000010
0.000010 0.000010 0.000010 0.000010 0.999940 0.000010 0.000010
0.000010 0.000010 0.000010 0.880942 0.119008 0.000010 0.000010
0.000010 0.000010 0.000010 0.000010 0.000010 0.840528 0.159422
0.000010 0.000010 0.089356 0.609434 0.301170 0.000010 0.000010
0.000010 0.000010 0.000010 0.000010 0.000010 0.855936 0.144014
0.000010 0.914434 0.000010 0.000010 0.000010 0.034796 0.050730
0.054864 0.869851 0.000010 0.000010 0.000010 0.013786 0.061469
0.043257 0.898922 0.000010 0.000010 0.000010 0.000010 0.057780
0.000010 0.000010 0.000010 0.000010 0.000010 0.999940 0.000010
0.000010 0.000010 0.000010 0.000010 0.000010 0.999940 0.000010
0.000010 0.000010 0.000010 0.000010 0.000010 0.999940 0.000010
0.000010 0.000010 0.000010 0.000010 0.000010 0.999940 0.000010
0.000010 0.000010 0.000010 0.000010 0.000010 0.999940 0.000010
0.000010 0.000010 0.000010 0.000010 0.000010 0.999940 0.000010
0.000010 0.000010 0.000010 0.000010 0.000010 0.999940 0.000010
0.000011 0.000010 0.000010 0.000010 0.000010 0.999939 0.000010
0.000010 0.000010 0.000010 0.000010 0.000010 0.999940 0.000010
0.000010 0.000010 0.000010 0.000010 0.000010 0.999940 0.000010
0.000010 0.000010 0.000010 0.000010 0.000010 0.000010 0.999940
0.000018 0.000010 0.000010 0.000010 0.000010 0.032820 0.967121
0.000010 0.000010 0.000010 0.000010 0.000010 0.010269 0.989681
0.000010 0.000010 0.000010 0.000010 0.000010 0.024663 0.975287
0.000010 0.000010 0.083665 0.666827 0.249469 0.000010 0.000010
0.000010 0.000010 0.063375 0.612346 0.324239 0.000010 0.000010
0.000010 0.000010 0.106957 0.622125 0.270877 0.000010 0.000010
0.000010 0.000010 0.105977 0.542433 0.351551 0.000010 0.000010
0.000010 0.000010 0.082820 0.061711 0.855429 0.000010 0.000010
0.000010 0.000010 0.024042 0.742495 0.233423 0.000010 0.000010
0.000010 0.000010 0.000010 0.758597 0.241353 0.000010 0.000010
0.000010 0.000010 0.075659 0.782956 0.141345 0.000010 0.000010
0.000010 0.000010 0.025332 0.911055 0.063573 0.000010 0.000010
0.000010 0.000010 0.051163 0.933726 0.015071 0.000010 0.000010
0.039563 0.000011 0.019377 0.904695 0.036335 0.000010 0.000010
0.022051 0.000010 0.019313 0.876986 0.081620 0.000010 0.000010
0.000010 0.000010 0.035121 0.885348 0.079491 0.000010 0.000010
0.000010 0.000010 0.151191 0.000010 0.848759 0.000010 0.000010
0.000010 0.000010 0.095774 0.000010 0.904176 0.000010 0.000010
0.000010 0.000010 0.081058 0.000010 0.918892 0.000010 0.000010
0.000010 0.000010 0.051072 0.000010 0.948878 0.000010 0.000010
0.000010 0.000010 0.000010 0.000010 0.999940 0.000010 0.000010
0.000010 0.000010 0.000010 0.000010 0.999940 0.000010 0.000010
0.000010 0.000010 0.084753 0.000010 0.915197 0.000010 0.000010
0.000010 0.000010 0.000010 0.000010 0.999940 0.000010 0.000010
0.000010 0.000010 0.088298 0.000010 0.911652 0.000010 0.000010
0.000010 0.000010 0.061980 0.000010 0.937970 0.000010 0.000010
0.000010 0.000010 0.106417 0.000010 0.893533 0.000010 0.000010
0.000010 0.000010 0.097666 0.000010 0.902284 0.000010 0.000010
0.001473 0.166574 0.000010 0.802219 0.029704 0.000010 0.000010
0.018461 0.153102 0.005896 0.805728 0.016787 0.000016 0.000010
0.015622 0.134249 0.000010 0.814176 0.035923 0.000010 0.000010
0.054272 0.099990 0.018399 0.827310 0.000010 0.000010 0.000010
0.000010 0.000010 0.062758 0.000010 0.937192 0.000010 0.000010
0.000010 0.000014 0.054530 0.896052 0.049374 0.000010 0.000010
0.074240 0.040878 0.041979 0.842873 0.000010 0.000010 0.000010
0.065498 0.040406 0.002963 0.858275 0.032838 0.000010 0.000010
0.016074 0.061921 0.014904 0.864869 0.042213 0.000010 0.000010
0.000010 0.000010 0.105629 0.000010 0.894321 0.000010 0.000010
0.000010 0.000010 0.051730 0.000010 0.948220 0.000010 0.000010
0.000010 0.000010 0.035569 0.889900 0.074492 0.000010 0.000010
0.000010 0.000010 0.000010 0.898981 0.100969 0.000010 0.000010
0.000010 0.000010 0.062917 0.000010 0.937033 0.000010 0.000010
0.049447 0.048845 0.000010 0.852043 0.049635 0.000010 0.000010
0.037478 0.051294 0.000010 0.874284 0.036914 0.000010 0.000010
0.000010 0.000010 0.024751 0.894126 0.081082 0.000010 0.000010
0.000010 0.150391 0.001496 0.807254 0.040829 0.000010 0.000010
0.000010 0.210072 0.000010 0.785420 0.000010 0.004468 0.000010
0.000010 0.000010 0.038275 0.922972 0.038713 0.000010 0.000010
0.000010 0.000010 0.039362 0.901520 0.059077 0.000010 0.000010
0.000010 0.108628 0.016899 0.874433 0.000010 0.000010 0.000010
0.000010 0.158871 0.000010 0.835198 0.005890 0.000010 0.000010
0.079405 0.012628 0.029216 0.847301 0.031430 0.000010 0.000010
0.060357 0.057566 0.000011 0.861203 0.020844 0.000010 0.000010
0.073366 0.000010 0.003424 0.864287 0.058892 0.000010 0.000010
0.027745 0.140884 0.016646 0.800128 0.014577 0.000010 0.000010
0.063606 0.000010 0.022582 0.831072 0.082710 0.000010 0.000010
0.000010 0.000010 0.019181 0.892175 0.088605 0.000010 0.000010
0.000010 0.000010 0.039994 0.908668 0.051298 0.000010 0.000010
0.050710 0.078584 0.030620 0.840056 0.000010 0.000010 0.000010
0.018332 0.077403 0.007278 0.888264 0.008703 0.000010 0.000010
0.000010 0.000010 0.088017 0.908826 0.003117 0.000010 0.000010
0.021000 0.000010 0.013107 0.901479 0.064385 0.000010 0.000010
0.000010 0.009722 0.015477 0.915518 0.059253 0.000010 0.000010
0.000010 0.000010 0.000010 0.945078 0.054872 0.000010 0.000010
0.000010 0.000010 0.014840 0.914912 0.070208 0.000010 0.000010
0.000010 0.000010 0.000010 0.000010 0.999940 0.000010 0.000010
0.000010 0.000010 0.000010 0.000010 0.999940 0.000010 0.000010
0.000010 0.000010 0.000010 0.000010 0.999940 0.000010 0.000010
0.000014 0.000010 0.000010 0.000010 0.999936 0.000010 0.000010
0.000010 0.000010 0.000010 0.000010 0.999940 0.000010 0.000010
0.000010 0.000010 0.000010 0.000010 0.999940 0.000010 0.000010
0.000010 0.000010 0.000010 0.000010 0.999940 0.000010 0.000010
0.000010 0.000010 0.000010 0.000010 0.999940 0.000010 0.000010
0.000010 0.000010 0.000010 0.000010 0.999940 0.000010 0.000010
0.000010 0.000010 0.011270 0.918580 0.070110 0.000010 0.000010
0.000010 0.000010 0.043854 0.895460 0.060646 0.000010 0.000010
0.000010 0.000010 0.027533 0.904779 0.067649 0.000010 0.000010
0.000010 0.000010 0.016229 0.908431 0.075300 0.000010 0.000010
0.000010 0.000010 0.035860 0.943748 0.020352 0.000010 0.000010
0.000010 0.000012 0.025310 0.915265 0.059383 0.000010 0.000010
0.000010 0.000010 0.005723 0.889449 0.104788 0.000010 0.000010
0.010659 0.000010 0.060183 0.880379 0.048749 0.000010 0.000010
0.000010 0.000010 0.000010 0.911223 0.088727 0.000010 0.000010
0.000010 0.000010 0.020728 0.893935 0.085297 0.000010 0.000010
0.004706 0.089531 0.000010 0.905723 0.000010 0.000010 0.000010
0.000010 0.000010 0.053497 0.887355 0.059108 0.000010 0.000010
0.000010 0.000010 0.000010 0.888079 0.111871 0.000010 0.000010
0.018296 0.122933 0.000010 0.858731 0.000010 0.000010 0.000010
0.000010 0.166079 0.000010 0.791554 0.042327 0.000010 0.000010
0.000010 0.000010 0.117833 0.000010 0.882117 0.000010 0.000010
0.000010 0.000010 0.112057 0.000010 0.887893 0.000010 0.000010
0.000010 0.000010 0.067048 0.000010 0.932902 0.000010 0.000010
0.000010 0.000010 0.090236 0.000010 0.909714 0.000010 0.000010
0.000010 0.000010 0.086033 0.000010 0.913917 0.000010 0.000010
0.000011 0.000010 0.078508 0.000010 0.921441 0.000010 0.000010
0.000010 0.000010 0.090025 0.000010 0.909925 0.000010 0.000010
0.000010 0.000010 0.088132 0.000010 0.911818 0.000010 0.000010
0.230466 0.766522 0.000010 0.000010 0.000010 0.002972 0.000010
0.106912 0.854770 0.000010 0.000010 0.035623 0.002665 0.000010
0.071972 0.927978 0.000010 0.000010 0.000010 0.000010 0.000010
0.083537 0.853633 0.010083 0.000010 0.000010 0.000010 0.052717
0.000010 0.000010 0.016938 0.880960 0.102062 0.000010 0.000010
0.000010 0.046608 0.000010 0.923097 0.030255 0.000010 0.000010
0.164636 0.831375 0.000010 0.000010 0.000010 0.003948 0.000010
0.202474 0.797473 0.000013 0.000010 0.000010 0.000010 0.000010
0.227839 0.763156 0.000010 0.008966 0.000010 0.000010 0.000010
0.232888 0.761047 0.000010 0.000010 0.000010 0.006026 0.000010
0.218636 0.781312 0.000010 0.000010 0.000012 0.000010 0.000010
0.213060 0.786890 0.000010 0.000010 0.000010 0.000010 0.000010
0.000010 0.000010 0.098215 0.000010 0.901735 0.000010 0.000010
0.219784 0.774741 0.000010 0.000010 0.000010 0.005434 0.000010
0.290312 0.693735 0.000010 0.000010 0.000010 0.000010 0.015913
0.000010 0.000010 0.000010 0.000010 0.000010 0.013323 0.986627
0.000010 0.000010 0.000010 0.000010 0.000010 0.037125 0.962825
0.000010 0.000010 0.000010 0.000010 0.000010 0.033363 0.966587
0.000010 0.000010 0.000010 0.000010 0.000010 0.003335 0.996615
0.000010 0.000010 0.000010 0.000010 0.000010 0.000010 0.999940
0.000010 0.145367 0.051726 0.802866 0.000010 0.000010 0.000010
0.000010 0.164270 0.008059 0.786250 0.041391 0.000010 0.000010
0.000010 0.141060 0.000010 0.818268 0.040632 0.000010 0.000010
0.000010 0.000010 0.012677 0.896029 0.091255 0.000010 0.000010
0.021746 0.143600 0.000010 0.830060 0.004563 0.000010 0.000010
0.000010 0.000010 0.000010 0.857292 0.142658 0.000010 0.000010
0.000010 0.000010 0.999940 0.000010 0.000010 0.000010 0.000010
0.000010 0.000010 0.999940 0.000010 0.000010 0.000010 0.000010
0.000010 0.000010 0.999940 0.000010 0.000010 0.000010 0.000010
0.000010 0.000010 0.999940 0.000010 0.000010 0.000010 0.000010
0.000010 0.000010 0.999939 0.000010 0.000010 0.000011 0.000010
0.000010 0.099857 0.000010 0.000010 0.000010 0.066555 0.833547
0.000010 0.000010 0.059410 0.000010 0.940540 0.000010 0.000010
0.000010 0.106776 0.000010 0.000010 0.000010 0.047801 0.845383
0.000010 0.097669 0.000010 0.000010 0.000010 0.072222 0.830070
0.000010 0.248050 0.000010 0.000010 0.000010 0.076081 0.675829
0.000010 0.201122 0.000010 0.000010 0.000010 0.061500 0.737338
0.000010 0.232580 0.000010 0.015375 0.008216 0.072257 0.671552
0.000010 0.228697 0.000010 0.000010 0.000010 0.042624 0.728639
0.000012 0.207872 0.000010 0.000010 0.000010 0.059636 0.732451
0.000010 0.261307 0.000010 0.000010 0.000010 0.064168 0.674485
0.000010 0.161485 0.000010 0.000010 0.000010 0.081672 0.756802
0.000010 0.186802 0.000010 0.000010 0.000010 0.054717 0.758441
0.000010 0.089543 0.000010 0.000010 0.000010 0.052268 0.858148
0.000010 0.178874 0.000010 0.000010 0.000010 0.054012 0.767075
0.000010 0.320212 0.000010 0.000010 0.000010 0.058637 0.621111
0.000010 0.185205 0.000010 0.000010 0.000010 0.087618 0.727137
0.048196 0.951754 0.000010 0.000010 0.000010 0.000010 0.000010
0.000010 0.990845 0.000010 0.000010 0.000010 0.000010 0.009105
0.026375 0.944266 0.008252 0.000010 0.000010 0.000010 0.021077
0.000010 0.000010 0.088571 0.000010 0.911379 0.000010 0.000010
0.000010 0.960954 0.010277 0.000010 0.000010 0.001050 0.027689
0.011429 0.941320 0.017151 0.011307 0.000010 0.000010 0.018773
0.106936 0.868824 0.000010 0.000010 0.009853 0.000010 0.014357
0.025971 0.923760 0.000010 0.013961 0.014650 0.000010 0.021637
0.000010 0.985581 0.000010 0.000010 0.000010 0.000010 0.014369
0.083185 0.842326 0.000010 0.056136 0.000010 0.000010 0.018323
0.082411 0.893212 0.000010 0.000010 0.000010 0.012858 0.011489
0.029445 0.955741 0.000010 0.000010 0.000010 0.000010 0.014774
0.051936 0.929792 0.000010 0.000010 0.000010 0.000010 0.018232
0.050593 0.931180 0.000010 0.000010 0.000011 0.018186 0.000010
0.039833 0.960117 0.000010 0.000010 0.000010 0.000010 0.000010
0.066489 0.868998 0.000010 0.000010 0.036038 0.006164 0.022291
0.074531 0.903361 0.000010 0.000010 0.000010 0.000010 0.022068
0.099539 0.884902 0.000010 0.000010 0.000010 0.015398 0.000131
0.052011 0.865559 0.000010 0.059040 0.000010 0.002009 0.021360
0.037968 0.961982 0.000010 0.000010 0.000010 0.000010 0.000010
0.001035 0.998915 0.000010 0.000010 0.000010 0.000010 0.000010
0.000010 0.000010 0.030894 0.924881 0.044186 0.000010 0.000010
0.000010 0.000010 0.000010 0.000010 0.000010 0.999940 0.000010
0.000010 0.000010 0.000010 0.000010 0.000010 0.999940 0.000010
