0.000010 0.206580 0.000010 0.000010 0.746175 0.000010 0.014806 0.032388 0.000010
0.000010 0.167461 0.000010 0.000010 0.791331 0.000010 0.041148 0.000010 0.000010
0.000010 0.000010 0.000010 0.000010 0.000010 0.000010 0.999920 0.000010 0.000010
0.000010 0.849449 0.000010 0.000010 0.121191 0.000010 0.029300 0.000010 0.000010
0.000010 0.999920 0.000010 0.000010 0.000010 0.000010 0.000010 0.000010 0.000010
0.000010 0.958343 0.000010 0.000010 0.000010 0.000010 0.041587 0.000010 0.000010
0.000010 0.989893 0.000010 0.000010 0.000010 0.000010 0.000010 0.010037 0.000010
0.000010 0.999920 0.000010 0.000010 0.000010 0.000010 0.000010 0.000010 0.000010
0.000010 0.969509 0.000010 0.000010 0.030421 0.000010 0.000010 0.000010 0.000010
0.000010 0.999920 0.000010 0.000010 0.000010 0.000010 0.000010 0.000010 0.000010
0.000010 0.970309 0.000010 0.000010 0.000010 0.000010 0.018554 0.011077 0.000010
0.000010 0.856883 0.000010 0.000010 0.111434 0.000010 0.000010 0.031624 0.000010
0.000010 0.889099 0.000010 0.000010 0.103851 0.000010 0.006990 0.000010 0.000010
0.000010 0.999920 0.000010 0.000010 0.000010 0.000010 0.000010 0.000010 0.000010
0.000010 0.000013 0.000010 0.000010 0.000010 0.000010 0.999917 0.000010 0.000010
0.000010 0.000010 0.000010 0.000010 0.000010 0.000010 0.999920 0.000010 0.000010
0.000010 0.000010 0.000010 0.000010 0.000010 0.000010 0.999920 0.000010 0.000010
0.000010 0.000010 0.000010 0.000010 0.000010 0.000015 0.999915 0.000010 0.000010
0.000010 0.000010 0.000010 0.000010 0.000010 0.000010 0.999920 0.000010 0.000010
0.000010 0.000010 0.000014 0.000010 0.000010 0.000010 0.999916 0.000010 0.000010
0.000010 0.097994 0.000010 0.000010 0.852695 0.000010 0.008000 0.041262 0.000010
0.000010 0.065222 0.000010 0.000010 0.921386 0.000010 0.013332 0.000010 0.000010
0.000010 0.000010 0.000010 0.000010 0.882040 0.000010 0.000010 0.117890 0.000010
0.000010 0.000010 0.000010 0.000010 0.896065 0.000010 0.071195 0.032681 0.000010
0.000010 0.000010 0.000010 0.000010 0.877188 0.000010 0.000010 0.122742 0.000010
0.000010 0.000010 0.000010 0.000010 0.050023 0.000010 0.080606 0.869311 0.000010
0.000010 0.000010 0.000010 0.000010 0.899854 0.000010 0.000850 0.099236 0.000010
0.000016 0.032112 0.004290 0.269117 0.003226 0.000010 0.000010 0.004273 0.686945
0.000010 0.000010 0.000010 0.000010 0.000010 0.000010 0.999920 0.000010 0.000010
0.000010 0.000010 0.000010 0.000010 0.905725 0.000010 0.000010 0.094205 0.000010
0.000010 0.000010 0.000010 0.000010 0.000010 0.000010 0.101485 0.898445 0.000010
0.000010 0.000010 0.000010 0.000010 0.000010 0.000010 0.999920 0.000010 0.000010
0.000010 0.000010 0.999920 0.000010 0.000010 0.000010 0.000010 0.000010 0.000010
0.000010 0.000010 0.999920 0.000010 0.000010 0.000010 0.000010 0.000010 0.000010
0.000010 0.000017 0.999913 0.000010 0.000010 0.000010 0.000010 0.000010 0.000010
0.000010 0.000010 0.999920 0.000010 0.000010 0.000010 0.000010 0.000010 0.000010
0.000010 0.000010 0.999920 0.000010 0.000010 0.000010 0.000010 0.000010 0.000010
0.000010 0.000010 0.999920 0.000010 0.000010 0.000010 0.000010 0.000010 0.000010
0.000010 0.000010 0.999920 0.000010 0.000010 0.000010 0.000010 0.000010 0.000010
0.000010 0.000010 0.999920 0.000010 0.000010 0.000010 0.000010 0.000010 0.000010
0.000010 0.000010 0.999920 0.000010 0.000010 0.000010 0.000010 0.000010 0.000010
0.000010 0.000010 0.999920 0.000010 0.000010 0.000010 0.000010 0.000010 0.000010
0.000010 0.000010 0.999920 0.000010 0.000010 0.000010 0.000010 0.000010 0.000010
0.000010 0.000010 0.000010 0.000010 0.831956 0.000010 0.051032 0.116952 0.000010
0.000010 0.000010 0.000010 0.000010 0.906286 0.000010 0.000010 0.093644 0.000010
0.000010 0.000010 0.000010 0.000010 0.000010 0.000010 0.049397 0.950533 0.000010
0.000010 0.000010 0.000010 0.000010 0.000010 0.000010 0.999920 0.000010 0.000010
0.000010 0.000010 0.000010 0.000010 0.000010 0.000010 0.999920 0.000010 0.000010
0.000010 0.000010 0.000010 0.000010 0.000010 0.000010 0.999920 0.000010 0.000010
0.000010 0.000010 0.000010 0.000011 0.000010 0.000010 0.999919 0.000010 0.000010
0.000010 0.000010 0.000010 0.000010 0.000010 0.000010 0.999920 0.000010 0.000010
0.000010 0.000010 0.000010 0.000010 0.823064 0.000010 0.000010 0.176866 0.000010
0.000010 0.000010 0.000010 0.000010 0.795763 0.000010 0.038648 0.165528 0.000010
0.000010 0.000010 0.000010 0.000010 0.000010 0.000010 0.999891 0.000039 0.000010
0.000010 0.000010 0.000010 0.000010 0.000010 0.000010 0.999920 0.000010 0.000010
0.000010 0.000010 0.000010 0.000010 0.000010 0.000010 0.999920 0.000010 0.000010
0.000010 0.000010 0.000010 0.000010 0.144036 0.000010 0.111882 0.744022 0.000010
0.000010 0.000010 0.000010 0.000010 0.000010 0.000010 0.999920 0.000010 0.000010
0.000010 0.000010 0.000010 0.000010 0.000010 0.000010 0.999920 0.000010 0.000010
0.000010 0.000010 0.000010 0.000010 0.000010 0.000010 0.988406 0.011524 0.000010
0.000010 0.000010 0.000010 0.000010 0.000010 0.000010 0.999920 0.000010 0.000010
0.000010 0.000010 0.000010 0.000010 0.000010 0.000010 0.968611 0.031319 0.000010
0.000010 0.000010 0.000010 0.000010 0.000010 0.000010 0.999920 0.000010 0.000010
0.000010 0.000010 0.000010 0.078498 0.000010 0.110702 0.000010 0.000010 0.810741
0.000010 0.000010 0.000010 0.006558 0.000015 0.103328 0.000010 0.000010 0.890049
0.000010 0.000010 0.000010 0.032793 0.000010 0.064365 0.000010 0.021053 0.881739
0.000010 0.000010 0.000010 0.101817 0.000010 0.106831 0.000010 0.000010 0.791292
0.000010 0.000010 0.003678 0.000010 0.000010 0.085468 0.000010 0.000010 0.910793
0.017124 0.000010 0.000010 0.025892 0.000010 0.058197 0.000010 0.000010 0.898738
0.002491 0.000010 0.014926 0.115004 0.000010 0.067949 0.000010 0.000010 0.799590
0.000010 0.000010 0.000010 0.000010 0.000010 0.000010 0.999920 0.000010 0.000010
0.000010 0.000010 0.000010 0.000010 0.000014 0.000010 0.999916 0.000010 0.000010
0.000010 0.000010 0.000010 0.000010 0.199578 0.000010 0.096319 0.704043 0.000010
0.000010 0.000010 0.000010 0.000010 0.000010 0.000010 0.999920 0.000010 0.000010
0.000010 0.000010 0.000014 0.000010 0.000010 0.000010 0.999916 0.000010 0.000010
0.000010 0.000010 0.000010 0.000010 0.000010 0.000010 0.999920 0.000010 0.000010
0.000010 0.436112 0.000010 0.024680 0.366564 0.001371 0.009912 0.011582 0.149760
0.000010 0.467360 0.000010 0.000010 0.412125 0.000010 0.003162 0.041402 0.075911
0.000010 0.782168 0.000010 0.000010 0.217762 0.000010 0.000010 0.000010 0.000010
0.000010 0.532318 0.000010 0.000010 0.428162 0.000010 0.000010 0.011544 0.027926
0.000010 0.481600 0.000010 0.065904 0.389422 0.000010 0.010017 0.000010 0.053018
0.000010 0.428004 0.000010 0.000010 0.440476 0.000010 0.004385 0.000010 0.127086
0.000010 0.824673 0.000010 0.000010 0.171003 0.000010 0.000010 0.004264 0.000010
0.000010 0.000010 0.000010 0.000010 0.952018 0.000010 0.019621 0.028301 0.000010
0.000010 0.000010 0.000010 0.000010 0.922698 0.000010 0.067317 0.009926 0.000010
0.000010 0.000010 0.000010 0.000010 0.876824 0.000010 0.000010 0.123106 0.000010
0.000010 0.017855 0.000010 0.000010 0.873682 0.000010 0.031017 0.077396 0.000010
0.000010 0.000010 0.000010 0.000010 0.888365 0.000010 0.026435 0.085140 0.000010
0.000010 0.000010 0.000010 0.000010 0.883909 0.000010 0.038939 0.077092 0.000010
0.000010 0.000010 0.000010 0.000010 0.880155 0.000010 0.063124 0.056660 0.000010
0.000010 0.000010 0.000010 0.000010 0.880425 0.000010 0.020809 0.098706 0.000010
0.000010 0.000010 0.000010 0.052078 0.000010 0.052195 0.004426 0.000010 0.891252
0.000010 0.000010 0.000010 0.085546 0.000010 0.051250 0.003834 0.023669 0.835661
0.000010 0.000010 0.000010 0.026999 0.000010 0.025099 0.000010 0.002802 0.945050
0.013554 0.000010 0.018706 0.000010 0.000010 0.000010 0.000010 0.000010 0.967679
0.008995 0.000010 0.000010 0.019761 0.000010 0.004206 0.000010 0.000010 0.966988
0.000010 0.000010 0.000010 0.020310 0.000010 0.030415 0.000010 0.000010 0.949215
0.000010 0.000010 0.000010 0.000773 0.000010 0.000010 0.000010 0.000010 0.999157
0.000010 0.000010 0.000010 0.000010 0.987876 0.000010 0.012054 0.000010 0.000010
0.000010 0.044829 0.000010 0.000010 0.903028 0.000010 0.032034 0.020059 0.000010
0.000010 0.352414 0.000010 0.016096 0.281443 0.009812 0.007046 0.037489 0.295680
0.000010 0.286212 0.000010 0.013050 0.369096 0.002349 0.006495 0.000010 0.322768
0.000010 0.279246 0.000010 0.000010 0.380073 0.000010 0.000010 0.016628 0.324002
0.000010 0.354038 0.000010 0.000010 0.263584 0.000010 0.014228 0.000010 0.368100
0.000010 0.385265 0.000010 0.009596 0.308049 0.000010 0.000103 0.000010 0.296946
0.000010 0.308964 0.000010 0.000010 0.314062 0.000010 0.025202 0.000010 0.351722
0.000010 0.355761 0.000010 0.000010 0.321837 0.000010 0.026247 0.000010 0.296104
0.000010 0.446185 0.000010 0.028839 0.266223 0.000010 0.000010 0.000010 0.258703
0.000010 0.317036 0.000010 0.000010 0.676620 0.000010 0.006285 0.000010 0.000010
0.000010 0.339258 0.000010 0.000010 0.612942 0.000010 0.000010 0.047740 0.000010
0.000010 0.291752 0.000010 0.000010 0.691230 0.000010 0.016959 0.000010 0.000010
0.000010 0.000010 0.000010 0.000010 0.813570 0.000010 0.033153 0.153217 0.000010
0.000010 0.000010 0.000010 0.000010 0.867632 0.000010 0.075821 0.056488 0.000010
0.000010 0.000010 0.000010 0.000010 0.999920 0.000010 0.000010 0.000010 0.000010
0.000010 0.068122 0.000010 0.000010 0.875352 0.000010 0.026293 0.030182 0.000010
0.000010 0.036226 0.000010 0.000010 0.957565 0.000010 0.000010 0.006149 0.000010
0.000010 0.378897 0.000010 0.042378 0.303985 0.014420 0.017973 0.000010 0.242317
0.000010 0.056477 0.000010 0.000010 0.899408 0.000010 0.024256 0.019809 0.000010
0.000010 0.074220 0.000010 0.000010 0.879002 0.000010 0.033870 0.012858 0.000010
0.000010 0.000010 0.000010 0.000010 0.000010 0.000010 0.999920 0.000010 0.000010
0.000010 0.000010 0.000010 0.000010 0.000010 0.000010 0.999920 0.000010 0.000010
0.000010 0.000010 0.000010 0.000010 0.000010 0.000010 0.999920 0.000010 0.000010
0.000010 0.000010 0.000010 0.000010 0.000010 0.000010 0.999920 0.000010 0.000010
0.000010 0.000010 0.000010 0.000010 0.000010 0.000010 0.999920 0.000010 0.000010
0.000010 0.000010 0.000010 0.000010 0.000010 0.000010 0.999920 0.000010 0.000010
0.000010 0.000010 0.000010 0.000010 0.000010 0.000010 0.999920 0.000010 0.000010
0.000010 0.000010 0.000010 0.000010 0.000010 0.000010 0.105517 0.894413 0.000010
0.000010 0.000010 0.000013 0.000010 0.000010 0.000010 0.999917 0.000010 0.000010
0.000010 0.000010 0.000010 0.000012 0.000010 0.000010 0.999918 0.000010 0.000010
0.000010 0.000010 0.000010 0.000010 0.000010 0.000010 0.999920 0.000010 0.000010
0.000010 0.000010 0.000010 0.000010 0.000010 0.000010 0.110080 0.889850 0.000010
0.000010 0.000010 0.000010 0.000010 0.000010 0.000010 0.999920 0.000010 0.000010
0.000010 0.000010 0.000010 0.000013 0.000010 0.000010 0.999916 0.000010 0.000010
0.000010 0.000010 0.000010 0.000010 0.000010 0.000010 0.999920 0.000010 0.000010
0.000010 0.000010 0.000010 0.000010 0.000010 0.000010 0.999920 0.000010 0.000010
0.000010 0.000010 0.000010 0.000010 0.034414 0.000010 0.105800 0.859726 0.000010
0.000010 0.000010 0.000010 0.000010 0.759305 0.000010 0.104062 0.136573 0.000010
0.000010 0.000010 0.000010 0.000010 0.693051 0.000010 0.120771 0.186118 0.000010
0.000010 0.000010 0.000010 0.000010 0.705507 0.000010 0.101508 0.192924 0.000010
0.000010 0.000010 0.000010 0.000010 0.654957 0.000010 0.053913 0.291070 0.000010
0.000010 0.000010 0.000010 0.000010 0.759027 0.000010 0.074851 0.166062 0.000010
0.000010 0.000010 0.000010 0.000010 0.730429 0.000010 0.093056 0.176456 0.000010
0.000010 0.000010 0.000010 0.000010 0.725288 0.000010 0.045894 0.228758 0.000010
0.000010 0.000010 0.000010 0.000010 0.714356 0.000010 0.036572 0.249012 0.000010
0.000010 0.000012 0.000010 0.000010 0.732938 0.000010 0.070385 0.196615 0.000010
0.000010 0.060623 0.000010 0.000010 0.873725 0.000010 0.022070 0.043531 0.000010
0.000010 0.000010 0.000010 0.000010 0.912886 0.000010 0.047356 0.039698 0.000010
0.000010 0.028388 0.000010 0.000010 0.890518 0.000010 0.038771 0.042273 0.000010
0.000010 0.000010 0.000010 0.000010 0.885310 0.000010 0.053711 0.060919 0.000010
0.000010 0.027409 0.000010 0.000010 0.883514 0.000010 0.052238 0.036789 0.000010
0.000010 0.000010 0.000010 0.000010 0.880418 0.000010 0.038995 0.080526 0.000010
0.000010 0.000010 0.000010 0.000010 0.689309 0.000010 0.045297 0.265334 0.000010
0.000010 0.000011 0.000010 0.000010 0.000010 0.000010 0.999919 0.000011 0.000010
0.000010 0.000010 0.000010 0.000010 0.000010 0.000010 0.999920 0.000010 0.000010
0.000010 0.000010 0.000010 0.000010 0.743947 0.000010 0.088051 0.167942 0.000010
0.000010 0.000010 0.000010 0.000010 0.749700 0.000010 0.032301 0.217939 0.000010
0.000010 0.999920 0.000010 0.000010 0.000010 0.000010 0.000010 0.000010 0.000010
0.000010 0.999920 0.000010 0.000010 0.000010 0.000010 0.000010 0.000010 0.000010
0.000010 0.999920 0.000010 0.000010 0.000010 0.000010 0.000010 0.000010 0.000010
0.000010 0.999920 0.000010 0.000010 0.000010 0.000010 0.000010 0.000010 0.000010
0.000010 0.980567 0.000010 0.000010 0.000010 0.000010 0.019363 0.000010 0.000010
0.000010 0.979652 0.000010 0.000010 0.000010 0.000010 0.020278 0.000010 0.000010
0.000010 0.999920 0.000010 0.000010 0.000010 0.000010 0.000010 0.000010 0.000010
0.000010 0.987562 0.000010 0.000010 0.000010 0.000010 0.000010 0.012368 0.000010
0.000010 0.999920 0.000010 0.000010 0.000010 0.000010 0.000010 0.000010 0.000010
0.000010 0.999920 0.000010 0.000010 0.000010 0.000010 0.000010 0.000010 0.000010
0.000010 0.999920 0.000010 0.000010 0.000010 0.000010 0.000010 0.000010 0.000010
0.000010 0.000010 0.000010 0.000010 0.000019 0.000010 0.999911 0.000010 0.000010
0.000010 0.000010 0.000010 0.000010 0.000010 0.000010 0.999920 0.000010 0.000010
0.000010 0.000010 0.000010 0.000010 0.000010 0.000010 0.999920 0.000010 0.000010
0.000010 0.000010 0.000010 0.000010 0.000010 0.000010 0.999920 0.000010 0.000010
0.000010 0.000010 0.000010 0.000010 0.000010 0.000010 0.999920 0.000010 0.000010
0.000010 0.000010 0.000010 0.000010 0.000013 0.000010 0.999917 0.000010 0.000010
0.000010 0.103730 0.000010 0.000010 0.867652 0.000010 0.028557 0.000011 0.000010
0.000010 0.256967 0.000010 0.000010 0.722384 0.000010 0.020589 0.000010 0.000010
0.000010 0.206518 0.000010 0.000010 0.792820 0.000010 0.000010 0.000602 0.000010
0.000010 0.275255 0.000010 0.000010 0.715639 0.000010 0.009045 0.000010 0.000010
0.000010 0.000010 0.000010 0.000010 0.000010 0.000010 0.085803 0.914127 0.000010
0.000010 0.000010 0.000010 0.000010 0.000010 0.004937 0.000010 0.000010 0.994993
0.000010 0.000010 0.009421 0.000010 0.000010 0.000010 0.000010 0.000010 0.990509
0.000010 0.000010 0.000010 0.033714 0.000010 0.027642 0.000010 0.000010 0.938584
0.000010 0.000010 0.021755 0.055130 0.000010 0.000010 0.009955 0.000010 0.913110
0.000010 0.018680 0.000010 0.000010 0.000010 0.006821 0.004402 0.000010 0.970048
0.000010 0.000010 0.000010 0.002982 0.000010 0.023512 0.000018 0.000010 0.973438
0.000010 0.000010 0.000010 0.041327 0.000010 0.000010 0.004645 0.001256 0.952722
0.005991 0.000010 0.000010 0.000010 0.000010 0.000010 0.011096 0.000010 0.982853
0.000010 0.000010 0.000010 0.108178 0.000010 0.044481 0.000010 0.000010 0.847281
0.000010 0.000010 0.000010 0.034857 0.000010 0.000010 0.000010 0.000010 0.965073
0.000010 0.000010 0.000010 0.038462 0.000010 0.000010 0.000010 0.000010 0.961468
0.000010 0.000010 0.000010 0.089267 0.000010 0.035513 0.000010 0.000010 0.875160
0.000010 0.000010 0.000010 0.064460 0.000010 0.007310 0.000010 0.026482 0.901698
0.000010 0.021279 0.000010 0.189179 0.000010 0.044438 0.000010 0.000010 0.745054
0.000010 0.029841 0.018840 0.067686 0.000010 0.000010 0.000010 0.000010 0.883583
0.000010 0.945808 0.000010 0.000010 0.000010 0.000010 0.000010 0.054122 0.000010
0.000010 0.902350 0.000010 0.000010 0.073528 0.000010 0.024062 0.000010 0.000010
0.000010 0.000010 0.000010 0.000010 0.909553 0.000010 0.062820 0.027567 0.000010
0.000010 0.000010 0.000010 0.000010 0.937083 0.000010 0.000010 0.062847 0.000010
0.000010 0.000010 0.000010 0.999920 0.000010 0.000010 0.000010 0.000010 0.000010
0.000010 0.000010 0.000010 0.999920 0.000010 0.000010 0.000010 0.000010 0.000010
0.000010 0.000010 0.007856 0.041854 0.011711 0.000010 0.000010 0.000010 0.938529
0.000010 0.036534 0.000010 0.103200 0.000010 0.046761 0.000010 0.000010 0.813455
0.002620 0.000010 0.000010 0.050582 0.000010 0.000010 0.000010 0.000010 0.946739
0.000010 0.000010 0.000010 0.103282 0.000010 0.048855 0.000010 0.000010 0.847803
0.000010 0.000010 0.000010 0.999920 0.000010 0.000010 0.000010 0.000010 0.000010
0.000010 0.000010 0.000010 0.999920 0.000010 0.000010 0.000010 0.000010 0.000010
0.000010 0.000010 0.000010 0.999920 0.000010 0.000010 0.000010 0.000010 0.000010
0.000010 0.000010 0.000010 0.045547 0.019328 0.019847 0.000010 0.000010 0.915228
0.000010 0.000010 0.000010 0.999920 0.000010 0.000010 0.000010 0.000010 0.000010
0.008972 0.000010 0.019438 0.032684 0.000010 0.000010 0.000010 0.000010 0.938857
0.004604 0.000010 0.000010 0.058113 0.000010 0.061988 0.000010 0.000010 0.875245
0.000010 0.000010 0.000010 0.001757 0.000010 0.045872 0.016041 0.000010 0.936279
0.005030 0.000010 0.000010 0.031221 0.000010 0.063596 0.000010 0.000010 0.900102
0.016955 0.000010 0.000010 0.000010 0.000010 0.047002 0.000010 0.000010 0.935983
0.000010 0.000010 0.000010 0.095608 0.000010 0.064522 0.000010 0.000010 0.839810
0.000013 0.018335 0.014461 0.030968 0.000010 0.040429 0.000010 0.000010 0.895764
0.000010 0.000010 0.000010 0.000010 0.000010 0.058005 0.000010 0.000010 0.941925
0.000010 0.019458 0.000010 0.012578 0.000010 0.045309 0.000010 0.008586 0.914029
0.000010 0.000010 0.016833 0.103909 0.000010 0.030430 0.000018 0.000010 0.848770
0.000010 0.000010 0.000010 0.022449 0.000010 0.053248 0.000010 0.000010 0.924243
0.009775 0.000010 0.000010 0.105635 0.000010 0.046701 0.000010 0.000010 0.837838
0.000010 0.000010 0.000010 0.000010 0.000010 0.020971 0.000010 0.000010 0.978959
0.006606 0.000010 0.000010 0.000010 0.000010 0.026799 0.002387 0.011716 0.952453
0.000010 0.000010 0.000010 0.010740 0.000010 0.043905 0.000010 0.015775 0.929530
0.000010 0.000010 0.000010 0.000010 0.000010 0.064459 0.000010 0.012413 0.923068
0.000010 0.000010 0.000010 0.000010 0.000010 0.023542 0.000010 0.000010 0.976388
0.000010 0.008025 0.000010 0.173963 0.000010 0.072928 0.000010 0.000010 0.745034
0.000010 0.003560 0.000010 0.000010 0.000010 0.025754 0.000509 0.000010 0.970127
0.000010 0.000010 0.000010 0.051932 0.000010 0.044996 0.000010 0.001568 0.901453
0.000010 0.000010 0.000010 0.999920 0.000010 0.000010 0.000010 0.000010 0.000010
0.000010 0.000010 0.000010 0.999920 0.000010 0.000010 0.000010 0.000010 0.000010
0.000010 0.000010 0.000010 0.999920 0.000010 0.000010 0.000010 0.000010 0.000010
0.011847 0.000010 0.988083 0.000010 0.000010 0.000010 0.000010 0.000010 0.000010
0.000010 0.000010 0.000010 0.000010 0.781379 0.000010 0.053179 0.165383 0.000010
0.000010 0.000010 0.999920 0.000010 0.000010 0.000010 0.000010 0.000010 0.000010
0.000010 0.000010 0.999920 0.000010 0.000010 0.000010 0.000010 0.000010 0.000010
0.000010 0.000010 0.999920 0.000010 0.000010 0.000010 0.000010 0.000010 0.000010
0.021907 0.000010 0.978023 0.000010 0.000010 0.000010 0.000010 0.000010 0.000010
0.000010 0.000010 0.999920 0.000010 0.000010 0.000010 0.000010 0.000010 0.000010
0.014039 0.000010 0.985891 0.000010 0.000010 0.000010 0.000010 0.000010 0.000010
0.030857 0.000010 0.969073 0.000010 0.000010 0.000010 0.000010 0.000010 0.000010
0.000010 0.000010 0.978817 0.000010 0.000010 0.021113 0.000010 0.000010 0.000010
0.000010 0.000010 0.999920 0.000010 0.000010 0.000010 0.000010 0.000010 0.000010
0.000010 0.000010 0.999920 0.000010 0.000010 0.000010 0.000010 0.000010 0.000010
0.000010 0.000010 0.000010 0.000010 0.706217 0.000010 0.061373 0.232350 0.000010
0.000010 0.000010 0.999920 0.000010 0.000010 0.000010 0.000010 0.000010 0.000010
0.000010 0.000010 0.999920 0.000010 0.000010 0.000010 0.000010 0.000010 0.000010
0.029595 0.000010 0.970335 0.000010 0.000010 0.000010 0.000010 0.000010 0.000010
0.000010 0.000010 0.999920 0.000010 0.000010 0.000010 0.000010 0.000010 0.000010
0.000010 0.000010 0.999920 0.000010 0.000010 0.000010 0.000010 0.000010 0.000010
0.000010 0.000010 0.999920 0.000010 0.000010 0.000010 0.000010 0.000010 0.000010
0.000010 0.000010 0.999920 0.000010 0.000010 0.000010 0.000010 0.000010 0.000010
0.000010 0.000010 0.007671 0.046585 0.000010 0.054637 0.000010 0.000010 0.891057
0.000010 0.000010 0.000010 0.044847 0.000010 0.081550 0.000010 0.000010 0.873543
0.000010 0.000010 0.011619 0.075986 0.025049 0.000010 0.000010 0.013258 0.874048
0.003796 0.000010 0.000010 0.000010 0.000010 0.000010 0.000010 0.000010 0.996134
0.000010 0.000010 0.000130 0.047496 0.000010 0.000010 0.000010 0.000010 0.952314
0.000010 0.000010 0.000010 0.063187 0.000010 0.010791 0.000010 0.000010 0.925962
0.015986 0.000010 0.000010 0.222794 0.000010 0.004759 0.008951 0.005542 0.741938
0.000010 0.000010 0.000010 0.230114 0.022658 0.026686 0.000010 0.000010 0.720491
0.000014 0.000010 0.000010 0.227312 0.000010 0.034788 0.000010 0.000010 0.737837
0.000880 0.000010 0.006816 0.093391 0.000010 0.018370 0.000010 0.000010 0.880503
0.000010 0.000010 0.000010 0.000010 0.000010 0.000010 0.000010 0.005144 0.994786
0.000010 0.000010 0.000010 0.107339 0.000010 0.033781 0.000010 0.000010 0.858820
0.000010 0.000010 0.000010 0.099035 0.000010 0.041098 0.000010 0.000010 0.859807
0.000010 0.000010 0.000010 0.000010 0.000010 0.000010 0.000010 0.000010 0.999920
0.000010 0.000010 0.000010 0.186044 0.000579 0.000010 0.000010 0.000010 0.813317
0.000010 0.000010 0.000010 0.027260 0.000010 0.000010 0.012209 0.000010 0.960470
0.006973 0.000010 0.000010 0.292741 0.000010 0.020843 0.000010 0.017388 0.662015
0.000010 0.000010 0.000010 0.212212 0.000010 0.000010 0.000010 0.000010 0.787718
0.000010 0.000010 0.000010 0.193465 0.000010 0.000010 0.000010 0.000010 0.806465
0.000010 0.000010 0.000010 0.226339 0.000010 0.025269 0.000010 0.000010 0.748332
0.004984 0.000010 0.004981 0.138436 0.000010 0.000010 0.000010 0.000010 0.851548
0.001123 0.000010 0.000010 0.000010 0.003445 0.000010 0.000010 0.000010 0.995372
0.000010 0.000010 0.000010 0.000010 0.769960 0.000010 0.049916 0.180064 0.000010
0.000010 0.000010 0.000010 0.000010 0.964849 0.000010 0.000010 0.035081 0.000010
0.000010 0.000010 0.000010 0.000010 0.908970 0.000010 0.011659 0.079311 0.000010
0.000010 0.000010 0.000010 0.000010 0.907662 0.000010 0.000010 0.092268 0.000010
0.000010 0.000010 0.000010 0.000010 0.972097 0.000010 0.002057 0.025786 0.000010
0.000010 0.000010 0.000010 0.000010 0.000010 0.034427 0.004928 0.013973 0.946623
0.015994 0.000010 0.000010 0.000010 0.000010 0.012835 0.000010 0.000010 0.971111
0.000010 0.000010 0.000010 0.077846 0.000010 0.085387 0.000010 0.020082 0.816635
0.006881 0.000010 0.000010 0.000010 0.000010 0.036079 0.000010 0.000010 0.956980
0.001879 0.000010 0.000010 0.040426 0.000010 0.029033 0.000010 0.000010 0.928613
0.000010 0.000010 0.000010 0.000010 0.000010 0.055266 0.000010 0.008721 0.935954
0.000010 0.239641 0.000010 0.000010 0.725123 0.000010 0.000010 0.035175 0.000010
0.000010 0.000010 0.000010 0.000010 0.803290 0.000010 0.034712 0.161938 0.000010
0.000010 0.000010 0.000010 0.023401 0.000010 0.056222 0.008112 0.000010 0.912215
0.000010 0.000010 0.000010 0.000010 0.000010 0.048896 0.000010 0.000010 0.951034
0.010066 0.000010 0.000010 0.113998 0.000010 0.051173 0.000010 0.000010 0.824712
0.000010 0.004701 0.000010 0.105851 0.000010 0.050158 0.000010 0.000010 0.839239
0.007494 0.000010 0.000010 0.015825 0.000010 0.020706 0.000010 0.000010 0.955925
0.000010 0.000010 0.000010 0.000017 0.000010 0.022150 0.000010 0.000010 0.977773
0.000010 0.000010 0.000010 0.999920 0.000010 0.000010 0.000010 0.000010 0.000010
0.008757 0.000010 0.991173 0.000010 0.000010 0.000010 0.000010 0.000010 0.000010
0.000010 0.000010 0.999920 0.000010 0.000010 0.000010 0.000010 0.000010 0.000010
0.029897 0.000010 0.970033 0.000010 0.000010 0.000010 0.000010 0.000010 0.000010
0.032042 0.000010 0.967888 0.000010 0.000010 0.000010 0.000010 0.000010 0.000010
0.001297 0.000010 0.998633 0.000010 0.000010 0.000010 0.000010 0.000010 0.000010
0.000010 0.000010 0.000010 0.999920 0.000010 0.000010 0.000010 0.000010 0.000010
0.000010 0.000010 0.000010 0.999920 0.000010 0.000010 0.000010 0.000010 0.000010
0.000010 0.000010 0.000010 0.999920 0.000010 0.000010 0.000010 0.000010 0.000010
0.000010 0.000010 0.000010 0.999920 0.000010 0.000010 0.000010 0.000010 0.000010
0.000010 0.000010 0.000010 0.999920 0.000010 0.000010 0.000010 0.000010 0.000010
0.000010 0.000010 0.000010 0.999920 0.000010 0.000010 0.000010 0.000010 0.000010
0.000010 0.000010 0.000010 0.999920 0.000010 0.000010 0.000010 0.000010 0.000010
0.000010 0.000010 0.000010 0.000010 0.723252 0.000010 0.092698 0.183991 0.000010
0.000010 0.000010 0.000010 0.999920 0.000010 0.000010 0.000010 0.000010 0.000010
0.000010 0.000010 0.000010 0.999920 0.000010 0.000010 0.000010 0.000010 0.000010
0.000010 0.000010 0.000010 0.999920 0.000010 0.000010 0.000010 0.000010 0.000010
0.000010 0.000010 0.000010 0.999920 0.000010 0.000010 0.000010 0.000010 0.000010
0.000010 0.000010 0.000010 0.999920 0.000010 0.000010 0.000010 0.000010 0.000010
0.000010 0.000010 0.000010 0.999920 0.000010 0.000010 0.000010 0.000010 0.000010
0.000010 0.000010 0.000010 0.000010 0.000010 0.924375 0.000010 0.000010 0.075555
0.000010 0.000010 0.000010 0.058383 0.000010 0.941547 0.000010 0.000010 0.000010
0.000010 0.000010 0.000010 0.999920 0.000010 0.000010 0.000010 0.000010 0.000010
0.000010 0.000010 0.000010 0.999920 0.000010 0.000010 0.000010 0.000010 0.000010
0.000010 0.000010 0.000010 0.999920 0.000010 0.000010 0.000010 0.000010 0.000010
0.000010 0.000010 0.000010 0.071556 0.000010 0.000010 0.000010 0.000010 0.928374
0.000010 0.000010 0.000010 0.999920 0.000010 0.000010 0.000010 0.000010 0.000010
0.000010 0.000010 0.000010 0.999920 0.000010 0.000010 0.000010 0.000010 0.000010
0.000010 0.000010 0.000010 0.999920 0.000010 0.000010 0.000010 0.000010 0.000010
0.000010 0.000010 0.000010 0.999920 0.000010 0.000010 0.000010 0.000010 0.000010
0.000010 0.000010 0.000010 0.999920 0.000010 0.000010 0.000010 0.000010 0.000010
0.000010 0.000010 0.000010 0.999920 0.000010 0.000010 0.000010 0.000010 0.000010
0.000010 0.000010 0.000010 0.999920 0.000010 0.000010 0.000010 0.000010 0.000010
0.000010 0.000010 0.000010 0.999920 0.000010 0.000010 0.000010 0.000010 0.000010
0.000010 0.000010 0.000010 0.000010 0.713643 0.000010 0.115008 0.171289 0.000010
0.000010 0.000010 0.000010 0.037164 0.000010 0.000010 0.000010 0.000010 0.962766
0.000010 0.000010 0.000010 0.238843 0.000010 0.015829 0.000010 0.000010 0.745268
0.000010 0.000010 0.000010 0.000010 0.000010 0.000010 0.000010 0.000010 0.999920
0.000010 0.000010 0.000010 0.032861 0.000010 0.000010 0.000010 0.000010 0.967069
0.000010 0.000010 0.000010 0.000010 0.000010 0.000010 0.000010 0.000010 0.999920
0.000010 0.000010 0.000010 0.000010 0.000010 0.000010 0.000010 0.000010 0.999920
0.000010 0.000010 0.000010 0.000010 0.000010 0.000010 0.000010 0.000010 0.999920
0.000010 0.000010 0.000010 0.044798 0.000010 0.000010 0.000010 0.000010 0.955132
0.000010 0.000010 0.000010 0.000010 0.000010 0.000010 0.000010 0.000010 0.999920
0.003373 0.000010 0.000010 0.291120 0.000010 0.015313 0.000010 0.000010 0.690145
0.000010 0.000010 0.000010 0.999920 0.000010 0.000010 0.000010 0.000010 0.000010
0.000010 0.000010 0.000010 0.033970 0.000010 0.000010 0.000010 0.000010 0.965960
0.000010 0.000010 0.000010 0.000010 0.000010 0.000010 0.004853 0.000010 0.995077
0.000010 0.000010 0.000010 0.054796 0.000010 0.000010 0.000010 0.000010 0.945134
0.000010 0.000010 0.000010 0.070549 0.000010 0.053764 0.000010 0.000010 0.875627
0.008905 0.000010 0.000010 0.000010 0.000010 0.000010 0.000010 0.000010 0.991025
0.007646 0.000010 0.000010 0.000010 0.000010 0.057522 0.000010 0.000010 0.934773
0.000010 0.000010 0.019817 0.041521 0.000010 0.062274 0.020612 0.000010 0.855737
0.000010 0.000010 0.015503 0.067228 0.000010 0.062900 0.000010 0.000010 0.854320
0.000010 0.000010 0.002719 0.023441 0.021550 0.071692 0.000010 0.000010 0.880558
0.000010 0.000010 0.000010 0.000010 0.000010 0.022901 0.000010 0.000010 0.977029
0.013701 0.000010 0.000010 0.297201 0.000010 0.020163 0.000010 0.000010 0.668884
0.000010 0.000010 0.000010 0.053795 0.000010 0.066054 0.000010 0.000010 0.880091
0.000010 0.000010 0.000010 0.094984 0.000010 0.073478 0.000010 0.000010 0.831478
0.000010 0.000010 0.000010 0.999920 0.000010 0.000010 0.000010 0.000010 0.000010
0.011066 0.000010 0.000010 0.170963 0.000010 0.000010 0.000010 0.000010 0.817911
0.000010 0.000010 0.000010 0.339199 0.000010 0.000010 0.000010 0.000010 0.660731
0.000707 0.000010 0.017320 0.101992 0.000010 0.056217 0.000010 0.000010 0.823725
0.000010 0.000010 0.000010 0.000010 0.000010 0.035928 0.000010 0.000010 0.964002
0.018264 0.000010 0.002147 0.029929 0.000010 0.019924 0.000010 0.000010 0.929696
0.000010 0.000010 0.000010 0.000010 0.000010 0.056307 0.000010 0.000010 0.943623
0.000010 0.000010 0.000010 0.040244 0.000010 0.079739 0.004742 0.000010 0.875225
0.000010 0.000010 0.000010 0.008153 0.000010 0.051836 0.000010 0.000010 0.939951
0.000010 0.000010 0.025034 0.002215 0.000010 0.000010 0.000010 0.000010 0.972691
0.000010 0.000039 0.000010 0.077682 0.000010 0.088447 0.000010 0.000010 0.833782
0.015648 0.000010 0.000010 0.075015 0.000010 0.000010 0.000010 0.000262 0.909025
0.000010 0.000010 0.000010 0.000010 0.000010 0.000010 0.000010 0.999920 0.000010
0.000010 0.000010 0.000010 0.000010 0.999920 0.000010 0.000010 0.000010 0.000010
0.000010 0.000010 0.000010 0.000010 0.000010 0.000010 0.000010 0.999920 0.000010
0.000010 0.000010 0.000010 0.000010 0.999920 0.000010 0.000010 0.000010 0.000010
0.000010 0.000010 0.000010 0.000010 0.725406 0.000010 0.052061 0.222473 0.000010
0.000010 0.000010 0.000010 0.000010 0.000010 0.000010 0.000010 0.999920 0.000010
0.000010 0.000010 0.000010 0.000010 0.000010 0.000010 0.000010 0.999920 0.000010
0.000010 0.000010 0.000010 0.000010 0.000010 0.000010 0.000010 0.999920 0.000010
0.000010 0.000010 0.000010 0.000010 0.000010 0.000010 0.000010 0.999920 0.000010
0.000010 0.000010 0.000010 0.000010 0.000010 0.000010 0.000010 0.999920 0.000010
0.000010 0.206171 0.000010 0.000010 0.735204 0.000010 0.000010 0.058565 0.000010
0.757904 0.000010 0.000010 0.000010 0.000010 0.242026 0.000010 0.000010 0.000010
0.000010 0.000010 0.000010 0.000010 0.709700 0.000010 0.070720 0.219519 0.000010
0.766438 0.000010 0.000010 0.000010 0.000010 0.233492 0.000010 0.000010 0.000010
0.027542 0.000010 0.000010 0.000010 0.000010 0.102123 0.000010 0.000010 0.870274
0.000119 0.000010 0.000010 0.057150 0.000010 0.123238 0.000010 0.000010 0.819443
0.000010 0.000010 0.014128 0.052073 0.000010 0.086682 0.000010 0.000010 0.847068
0.999920 0.000010 0.000010 0.000010 0.000010 0.000010 0.000010 0.000010 0.000010
0.999917 0.000010 0.000010 0.000013 0.000010 0.000010 0.000010 0.000010 0.000010
0.999920 0.000010 0.000010 0.000010 0.000010 0.000010 0.000010 0.000010 0.000010
0.999914 0.000010 0.000010 0.000010 0.000016 0.000010 0.000010 0.000010 0.000010
0.999920 0.000010 0.000010 0.000010 0.000010 0.000010 0.000010 0.000010 0.000010
0.999920 0.000010 0.000010 0.000010 0.000010 0.000010 0.000010 0.000010 0.000010
0.999920 0.000010 0.000010 0.000010 0.000010 0.000010 0.000010 0.000010 0.000010
0.999918 0.000010 0.000010 0.000012 0.000010 0.000010 0.000010 0.000010 0.000010
0.999920 0.000010 0.000010 0.000010 0.000010 0.000010 0.000010 0.000010 0.000010
0.999915 0.000010 0.000010 0.000015 0.000010 0.000010 0.000010 0.000010 0.000010
0.000010 0.000010 0.999920 0.000010 0.000010 0.000010 0.000010 0.000010 0.000010
0.042184 0.000010 0.957746 0.000010 0.000010 0.000010 0.000010 0.000010 0.000010
0.014580 0.000010 0.985350 0.000010 0.000010 0.000010 0.000010 0.000010 0.000010
0.026592 0.000010 0.973338 0.000010 0.000010 0.000010 0.000010 0.000010 0.000010
0.000010 0.000010 0.000010 0.000010 0.757676 0.000010 0.086773 0.155491 0.000010
0.000010 0.000010 0.000010 0.000010 0.716852 0.000010 0.055491 0.227597 0.000010
0.000010 0.000010 0.000010 0.000010 0.723099 0.000010 0.082208 0.194632 0.000010
0.000010 0.000010 0.000010 0.000010 0.632139 0.000010 0.102962 0.264840 0.000010
0.000010 0.000010 0.000010 0.000010 0.134070 0.000010 0.078888 0.786983 0.000010
0.000010 0.000010 0.000010 0.000010 0.849967 0.000010 0.017024 0.132949 0.000010
0.000010 0.000010 0.000010 0.000010 0.857816 0.000010 0.000010 0.142114 0.000010
0.000010 0.000010 0.000010 0.000010 0.894758 0.000010 0.055010 0.050173 0.000010
0.000010 0.219968 0.000010 0.000010 0.765811 0.000010 0.007716 0.006455 0.000010
0.000010 0.216511 0.000010 0.000010 0.774269 0.000010 0.009160 0.000010 0.000010
0.000010 0.206588 0.000010 0.041440 0.751912 0.000010 0.000010 0.000010 0.000010
0.000010 0.313485 0.000010 0.000010 0.639386 0.000010 0.012956 0.034123 0.000010
0.000010 0.000010 0.000010 0.000010 0.977464 0.000010 0.022466 0.000010 0.000010
0.000010 0.000010 0.000010 0.000010 0.000010 0.000010 0.154150 0.845780 0.000010
0.000010 0.000010 0.000010 0.000010 0.000010 0.000010 0.101611 0.898319 0.000010
0.000010 0.000010 0.000010 0.000010 0.011053 0.000010 0.086789 0.902098 0.000010
0.000010 0.000010 0.000010 0.000010 0.000010 0.000010 0.049817 0.950113 0.000010
0.000010 0.000010 0.000010 0.000010 0.000010 0.000010 0.000010 0.999920 0.000010
0.000010 0.000010 0.000010 0.000010 0.000010 0.000010 0.000010 0.999920 0.000010
0.000010 0.000010 0.000010 0.000010 0.000010 0.000010 0.092786 0.907144 0.000010
0.000010 0.000010 0.000010 0.000010 0.000010 0.000010 0.000010 0.999920 0.000010
0.000010 0.000010 0.000010 0.000010 0.000010 0.000010 0.090939 0.908991 0.000010
0.000010 0.000010 0.000010 0.000010 0.000010 0.000010 0.069176 0.930754 0.000010
0.000010 0.000010 0.000010 0.000011 0.000010 0.000010 0.110256 0.889673 0.000010
0.000010 0.000012 0.000010 0.000010 0.000010 0.000010 0.101498 0.898431 0.000010
0.000010 0.513829 0.000010 0.009105 0.405596 0.000010 0.000010 0.006154 0.065278
0.000010 0.560058 0.000010 0.000010 0.376322 0.000010 0.000429 0.000010 0.063141
0.000010 0.572170 0.000010 0.029442 0.387282 0.000010 0.000010 0.011056 0.000010
0.000010 0.494998 0.000010 0.065594 0.439348 0.000010 0.000010 0.000010 0.000010
0.000010 0.000010 0.000010 0.000010 0.000010 0.000010 0.064603 0.935327 0.000010
0.000010 0.178179 0.000010 0.000010 0.781007 0.000010 0.040753 0.000010 0.000010
0.000010 0.482001 0.000010 0.057410 0.439018 0.000010 0.021521 0.000010 0.000010
0.000010 0.595443 0.000010 0.002170 0.393206 0.000010 0.004987 0.004153 0.000010
0.000010 0.489242 0.000010 0.011377 0.480197 0.000010 0.003724 0.015420 0.000010
0.000010 0.000010 0.000010 0.000010 0.000010 0.000010 0.113566 0.886364 0.000010
0.000010 0.000010 0.000010 0.000010 0.000010 0.000010 0.052566 0.947364 0.000010
0.000010 0.231601 0.000010 0.000010 0.732298 0.000010 0.032035 0.004017 0.000010
0.000010 0.215743 0.000010 0.000010 0.743180 0.000010 0.000010 0.041017 0.000010
0.000010 0.000010 0.000010 0.000010 0.000010 0.000010 0.073017 0.926913 0.000010
0.000010 0.538643 0.000010 0.006813 0.432605 0.000010 0.000010 0.021889 0.000010
0.000010 0.422600 0.000010 0.035920 0.541420 0.000010 0.000010 0.000010 0.000010
0.000010 0.219952 0.000010 0.000010 0.743269 0.000010 0.018396 0.018333 0.000010
0.000010 0.519685 0.000010 0.000010 0.432502 0.000010 0.000010 0.006257 0.041505
0.002895 0.547358 0.000010 0.000010 0.327511 0.000010 0.000010 0.000010 0.122186
0.000010 0.175864 0.000010 0.000010 0.805761 0.000010 0.018315 0.000010 0.000010
0.000010 0.158906 0.000010 0.000010 0.816273 0.000010 0.024761 0.000010 0.000010
0.000010 0.524078 0.000010 0.000010 0.461696 0.000010 0.000010 0.000010 0.014166
0.000010 0.645837 0.000010 0.000010 0.354093 0.000010 0.000010 0.000010 0.000010
0.000010 0.476861 0.000010 0.050675 0.448481 0.000010 0.023933 0.000010 0.000010
0.000010 0.476531 0.000010 0.048628 0.474781 0.000010 0.000010 0.000010 0.000010
0.000010 0.525444 0.000010 0.007167 0.435279 0.000010 0.003814 0.028256 0.000010
0.000010 0.354986 0.000010 0.025087 0.513894 0.000010 0.000010 0.000010 0.105982
0.000010 0.237312 0.000010 0.053823 0.663154 0.000010 0.008607 0.037065 0.000010
0.000010 0.227669 0.000010 0.000010 0.727400 0.000010 0.012960 0.031921 0.000010
0.000010 0.196213 0.000010 0.000010 0.781498 0.000010 0.022229 0.000010 0.000010
0.000010 0.683898 0.000010 0.000010 0.297519 0.000010 0.018524 0.000010 0.000010
0.000010 0.838645 0.000010 0.000010 0.121718 0.000010 0.016795 0.022792 0.000010
0.000010 0.171833 0.000010 0.000010 0.782636 0.000010 0.045472 0.000010 0.000010
0.000010 0.245194 0.000010 0.010032 0.737752 0.000010 0.006971 0.000010 0.000010
0.000010 0.316868 0.000010 0.000010 0.677376 0.000010 0.004218 0.001489 0.000010
0.000010 0.201634 0.000010 0.000010 0.798296 0.000010 0.000010 0.000010 0.000010
0.000010 0.225603 0.000010 0.000010 0.769221 0.000010 0.002944 0.002182 0.000010
0.000010 0.000010 0.000010 0.000010 0.000010 0.000010 0.000010 0.999920 0.000010
0.000010 0.000010 0.000010 0.000010 0.000010 0.000010 0.000010 0.999920 0.000010
0.000010 0.000010 0.000010 0.000010 0.000010 0.000010 0.000010 0.999920 0.000010
0.000010 0.000010 0.000010 0.000010 0.000010 0.000010 0.000010 0.999920 0.000010
0.000010 0.000010 0.000010 0.000010 0.000010 0.000010 0.000010 0.999920 0.000010
0.000010 0.000010 0.000010 0.000010 0.000010 0.000010 0.000010 0.999920 0.000010
0.000010 0.000010 0.000010 0.000010 0.000010 0.000010 0.000010 0.999920 0.000010
0.000010 0.000010 0.000010 0.000010 0.000010 0.000010 0.000010 0.999920 0.000010
0.000010 0.000010 0.000010 0.000010 0.000010 0.000010 0.000010 0.999920 0.000010
0.000010 0.280592 0.000010 0.000010 0.699804 0.000010 0.000010 0.019544 0.000010
0.000010 0.256313 0.000010 0.000010 0.706744 0.000010 0.032633 0.004260 0.000010
0.000010 0.171614 0.000010 0.000010 0.809926 0.000010 0.009168 0.009241 0.000010
0.000010 0.200206 0.000010 0.000010 0.785793 0.000010 0.013941 0.000010 0.000010
0.000010 0.264099 0.000010 0.000010 0.735831 0.000010 0.000010 0.000010 0.000010
0.000010 0.171681 0.000010 0.000010 0.823039 0.000010 0.005220 0.000010 0.000010
0.000010 0.243215 0.000010 0.000010 0.713069 0.000010 0.000010 0.043656 0.000010
0.000010 0.192310 0.000010 0.012125 0.754722 0.000010 0.040793 0.000010 0.000010
0.000010 0.188093 0.000010 0.000010 0.786749 0.000010 0.000010 0.025098 0.000010
0.000010 0.217398 0.000010 0.000010 0.748713 0.000010 0.019685 0.014154 0.000010
0.000010 0.999920 0.000010 0.000010 0.000010 0.000010 0.000010 0.000010 0.000010
0.000010 0.246755 0.000010 0.000010 0.706076 0.000010 0.044547 0.002572 0.000010
0.000010 0.181220 0.000010 0.000010 0.773676 0.000010 0.000010 0.045044 0.000010
0.000010 0.999911 0.000010 0.000010 0.000010 0.000010 0.000010 0.000019 0.000010
0.000010 0.511442 0.000010 0.000010 0.416529 0.000010 0.000010 0.010173 0.061806
0.000010 0.000010 0.000010 0.000010 0.000010 0.000010 0.120193 0.879737 0.000010
0.000010 0.000010 0.000010 0.000010 0.000010 0.000010 0.116260 0.883670 0.000010
0.000010 0.000010 0.000010 0.000010 0.000010 0.000010 0.067972 0.931958 0.000010
0.000010 0.000010 0.000010 0.000010 0.000010 0.000010 0.089631 0.910299 0.000010
0.000010 0.000010 0.000010 0.000010 0.000010 0.000010 0.090601 0.909329 0.000010
0.000010 0.000010 0.000010 0.000010 0.000010 0.000010 0.083539 0.916391 0.000010
0.000010 0.000010 0.000010 0.000010 0.000010 0.000010 0.095505 0.904425 0.000010
0.000010 0.000010 0.000010 0.000010 0.000010 0.000010 0.092484 0.907446 0.000010
0.005132 0.000010 0.000010 0.198646 0.000010 0.000010 0.000010 0.000010 0.796162
0.000010 0.000010 0.000010 0.096671 0.000960 0.028390 0.000010 0.035220 0.838719
0.000010 0.000010 0.000010 0.075083 0.000010 0.029868 0.000010 0.000010 0.894989
0.000010 0.000010 0.000010 0.101593 0.003988 0.106683 0.006812 0.000010 0.780883
0.000010 0.209439 0.000010 0.000010 0.736710 0.000010 0.016639 0.037162 0.000010
