0.000011 0.032339 0.208686 0.000010 0.743591 0.015362
0.000010 0.000010 0.167946 0.000010 0.790413 0.041611
0.000010 0.000010 0.000010 0.000010 0.000010 0.999950
0.000010 0.000010 0.841856 0.000010 0.128542 0.029572
0.000010 0.000010 0.967530 0.000010 0.032430 0.000010
0.000010 0.000010 0.955644 0.000010 0.000010 0.044316
0.000010 0.013115 0.986845 0.000010 0.000010 0.000010
0.000010 0.000010 0.999950 0.000010 0.000010 0.000010
0.000010 0.000010 0.962362 0.000010 0.037598 0.000010
0.000010 0.000010 0.999950 0.000010 0.000010 0.000010
0.000010 0.007510 0.932733 0.000010 0.039689 0.020048
0.000010 0.031042 0.848183 0.000010 0.120745 0.000010
0.000010 0.000010 0.885450 0.000010 0.107789 0.006731
0.000010 0.000010 0.999950 0.000010 0.000010 0.000010
0.000010 0.000010 0.000010 0.000010 0.000010 0.999950
0.000010 0.000010 0.000010 0.000010 0.000010 0.999950
0.000010 0.000010 0.000010 0.000010 0.000010 0.999950
0.000010 0.000010 0.000010 0.000010 0.000010 0.999950
0.000010 0.000010 0.000010 0.000010 0.000010 0.999950
0.000010 0.000010 0.000010 0.000010 0.000010 0.999950
0.000010 0.041048 0.098451 0.000010 0.852103 0.008377
0.000010 0.000010 0.064246 0.000010 0.922176 0.013549
0.000012 0.118210 0.000010 0.000010 0.881748 0.000010
0.000010 0.033270 0.000010 0.000010 0.895445 0.071255
0.000010 0.123103 0.000010 0.000010 0.876857 0.000010
0.000010 0.869385 0.000010 0.000010 0.049810 0.080776
0.000010 0.100415 0.000010 0.000010 0.899125 0.000431
0.047498 0.007714 0.032164 0.908649 0.003964 0.000010
0.000016 0.000010 0.000010 0.000010 0.000010 0.999944
0.000010 0.094586 0.000010 0.000010 0.905374 0.000010
0.000010 0.898530 0.000010 0.000010 0.000010 0.101430
0.000010 0.000010 0.000010 0.000010 0.000010 0.999950
0.999950 0.000010 0.000010 0.000010 0.000010 0.000010
0.999950 0.000010 0.000010 0.000010 0.000010 0.000010
0.999950 0.000010 0.000010 0.000010 0.000010 0.000010
0.999941 0.000010 0.000019 0.000010 0.000010 0.000010
0.999950 0.000010 0.000010 0.000010 0.000010 0.000010
0.999950 0.000010 0.000010 0.000010 0.000010 0.000010
0.999950 0.000010 0.000010 0.000010 0.000010 0.000010
0.999950 0.000010 0.000010 0.000010 0.000010 0.000010
0.999950 0.000010 0.000010 0.000010 0.000010 0.000010
0.999950 0.000010 0.000010 0.000010 0.000010 0.000010
0.999950 0.000010 0.000010 0.000010 0.000010 0.000010
0.000012 0.117166 0.000010 0.000010 0.831686 0.051116
0.000010 0.093691 0.000010 0.000010 0.906269 0.000010
0.000010 0.950405 0.000010 0.000010 0.000010 0.049555
0.000010 0.000010 0.000010 0.000010 0.000010 0.999950
0.000010 0.000010 0.000010 0.000010 0.000010 0.999950
0.000010 0.000010 0.000010 0.000020 0.000010 0.999940
0.000010 0.000010 0.000010 0.000017 0.000010 0.999943
0.000010 0.000010 0.000010 0.000010 0.000010 0.999950
0.000010 0.176590 0.000010 0.000010 0.823370 0.000010
0.000010 0.165421 0.000010 0.000010 0.795952 0.038597
0.000010 0.000010 0.000010 0.000010 0.000010 0.999950
0.000010 0.000010 0.000010 0.000010 0.000010 0.999950
0.000010 0.000010 0.000010 0.000010 0.000010 0.999950
0.000010 0.744308 0.000010 0.000010 0.143690 0.111973
0.000010 0.000010 0.000010 0.000010 0.000010 0.999950
0.000010 0.000010 0.000010 0.000010 0.000010 0.999950
0.000010 0.011676 0.000010 0.000010 0.000010 0.988284
0.000010 0.000010 0.000010 0.000010 0.000010 0.999950
0.000010 0.031353 0.000012 0.000010 0.000010 0.968605
0.000010 0.000010 0.000010 0.000010 0.000010 0.999950
0.139237 0.000010 0.000010 0.860723 0.000010 0.000010
0.139234 0.000010 0.000010 0.830310 0.030426 0.000010
0.118487 0.025666 0.000010 0.849913 0.005913 0.000010
0.127955 0.000010 0.027639 0.844376 0.000010 0.000010
0.130360 0.000010 0.018434 0.851176 0.000010 0.000010
0.126446 0.000010 0.000010 0.862256 0.000404 0.010874
0.122536 0.002409 0.000010 0.875024 0.000010 0.000010
0.000010 0.000010 0.000010 0.000010 0.000010 0.999950
0.000010 0.000010 0.000010 0.000010 0.000010 0.999950
0.000010 0.703603 0.000010 0.000010 0.199769 0.096598
0.000010 0.000010 0.000010 0.000010 0.000010 0.999950
0.000010 0.000010 0.000010 0.000010 0.000010 0.999950
0.000010 0.000010 0.000010 0.000010 0.000010 0.999950
0.000010 0.012625 0.453142 0.164384 0.359772 0.010067
0.000010 0.042330 0.488089 0.051360 0.414862 0.003348
0.000010 0.000010 0.776507 0.000010 0.223453 0.000010
0.000010 0.011565 0.525941 0.034437 0.428037 0.000010
0.000010 0.000010 0.472998 0.124042 0.390643 0.012296
0.000010 0.000010 0.445763 0.111654 0.439258 0.003306
0.000010 0.006433 0.819045 0.000010 0.174493 0.000010
0.000010 0.028362 0.000010 0.000010 0.952128 0.019479
0.000010 0.010450 0.000010 0.000010 0.922514 0.067007
0.000010 0.123653 0.000010 0.000010 0.876307 0.000010
0.000010 0.077791 0.018859 0.000010 0.872054 0.031276
0.000010 0.085471 0.000010 0.000010 0.887580 0.026919
0.000010 0.078257 0.000010 0.000010 0.882661 0.039051
0.000010 0.057732 0.000010 0.000010 0.879266 0.062972
0.000010 0.099185 0.000010 0.000010 0.880204 0.020581
0.092336 0.000010 0.000010 0.895736 0.000010 0.011898
0.086702 0.032441 0.000010 0.879541 0.000010 0.001296
0.081085 0.014831 0.000010 0.904053 0.000010 0.000010
0.102939 0.000010 0.033917 0.863114 0.000010 0.000010
0.079325 0.011245 0.000010 0.909400 0.000010 0.000010
0.080891 0.000013 0.031549 0.887527 0.000010 0.000010
0.061567 0.000010 0.011916 0.916181 0.010316 0.000010
0.000010 0.000010 0.000010 0.000010 0.987300 0.012660
0.000010 0.020434 0.039520 0.000010 0.908065 0.031961
0.017066 0.040486 0.368425 0.287902 0.281098 0.005023
0.018436 0.000010 0.299722 0.308359 0.365661 0.007811
0.005443 0.017283 0.313159 0.290055 0.374049 0.000010
0.017309 0.000010 0.377616 0.322488 0.267846 0.014731
0.016388 0.000010 0.401451 0.273519 0.306902 0.001729
0.000010 0.000010 0.348786 0.315349 0.308107 0.027738
0.012319 0.000010 0.379335 0.258401 0.322712 0.027222
0.004587 0.000010 0.467897 0.262154 0.265342 0.000010
0.000010 0.000010 0.314981 0.000010 0.678002 0.006986
0.000010 0.048480 0.339128 0.000010 0.612363 0.000010
0.000010 0.000010 0.292240 0.000010 0.689230 0.018500
0.000010 0.153478 0.000010 0.000010 0.813133 0.033359
0.000010 0.056838 0.000017 0.000010 0.867253 0.075872
0.000010 0.000010 0.000010 0.000010 0.999950 0.000010
0.000010 0.030456 0.065437 0.000010 0.877530 0.026557
0.000010 0.005738 0.031154 0.000010 0.963078 0.000010
0.024525 0.000010 0.400193 0.254083 0.303187 0.018002
0.000010 0.020412 0.057489 0.000010 0.897829 0.024250
0.000010 0.013087 0.072136 0.000010 0.880530 0.034228
0.000010 0.000010 0.000010 0.000010 0.000010 0.999950
0.000010 0.000010 0.000010 0.000010 0.000010 0.999950
0.000010 0.000010 0.000010 0.000010 0.000010 0.999950
0.000010 0.000010 0.000010 0.000010 0.000010 0.999950
0.000010 0.000010 0.000010 0.000010 0.000010 0.999950
0.000010 0.000010 0.000010 0.000010 0.000010 0.999950
0.000010 0.000010 0.000010 0.000010 0.000010 0.999950
0.000010 0.894456 0.000010 0.000010 0.000010 0.105504
0.000010 0.000010 0.000010 0.000010 0.000010 0.999950
0.000010 0.000010 0.000010 0.000010 0.000010 0.999950
0.000010 0.000010 0.000010 0.000010 0.000010 0.999950
0.000010 0.889797 0.000010 0.000010 0.000010 0.110163
0.000010 0.000010 0.000010 0.000010 0.000010 0.999950
0.000010 0.000013 0.000010 0.000010 0.000010 0.999947
0.000010 0.000010 0.000010 0.000010 0.000010 0.999950
0.000010 0.000010 0.000010 0.000010 0.000010 0.999950
0.000010 0.859674 0.000010 0.000010 0.034541 0.105755
0.000010 0.136739 0.000010 0.000010 0.758875 0.104355
0.000010 0.186104 0.000010 0.000010 0.692820 0.121047
0.000010 0.193471 0.000010 0.000010 0.705047 0.101452
0.000010 0.291549 0.000010 0.000010 0.654524 0.053898
0.000010 0.166094 0.000010 0.000010 0.758901 0.074975
0.000010 0.176400 0.000010 0.000010 0.730278 0.093292
0.000010 0.229617 0.000010 0.000010 0.724478 0.045875
0.000010 0.249439 0.000010 0.000010 0.714415 0.036116
0.000010 0.197367 0.000010 0.000010 0.732021 0.070582
0.000010 0.044067 0.060705 0.000010 0.872983 0.022225
0.000010 0.040121 0.000010 0.000010 0.911643 0.048206
0.000010 0.042124 0.026063 0.000010 0.892725 0.039068
0.000010 0.061590 0.000010 0.000010 0.884342 0.054037
0.000010 0.037622 0.022031 0.000010 0.888187 0.052140
0.000010 0.081107 0.000010 0.000010 0.880239 0.038624
0.000010 0.265638 0.000010 0.000010 0.689195 0.045138
0.000010 0.000010 0.000010 0.000010 0.000010 0.999950
0.000010 0.000010 0.000010 0.000010 0.000010 0.999950
0.000010 0.167534 0.000010 0.000010 0.743972 0.088464
0.000010 0.217920 0.000010 0.000010 0.749534 0.032516
0.000010 0.000010 0.999950 0.000010 0.000010 0.000010
0.000010 0.000010 0.999950 0.000010 0.000010 0.000010
0.000010 0.000010 0.999950 0.000010 0.000010 0.000010
0.000010 0.000010 0.999950 0.000010 0.000010 0.000010
0.000010 0.000010 0.977304 0.000010 0.000010 0.022656
0.000010 0.001383 0.977919 0.000010 0.000010 0.020667
0.000010 0.000010 0.999950 0.000010 0.000010 0.000010
0.000010 0.015110 0.984850 0.000010 0.000010 0.000010
0.000010 0.000010 0.999950 0.000010 0.000010 0.000010
0.000010 0.000010 0.999950 0.000010 0.000010 0.000010
0.000010 0.000010 0.999950 0.000010 0.000010 0.000010
0.000010 0.000010 0.000010 0.000010 0.000010 0.999950
0.000010 0.000010 0.000010 0.000010 0.000010 0.999950
0.000010 0.000010 0.000010 0.000018 0.000010 0.999942
0.000010 0.000010 0.000010 0.000010 0.000010 0.999950
0.000010 0.000010 0.000010 0.000013 0.000010 0.999947
0.000010 0.000010 0.000010 0.000010 0.000010 0.999950
0.000010 0.000010 0.103916 0.000010 0.866731 0.029323
0.000010 0.000010 0.259453 0.000010 0.718523 0.021995
0.000010 0.001402 0.205546 0.000010 0.793022 0.000010
0.000010 0.000010 0.275437 0.000010 0.715354 0.009179
0.000010 0.913953 0.000010 0.000010 0.000010 0.086007
0.073133 0.000010 0.066623 0.860215 0.000010 0.000010
0.084624 0.000010 0.029793 0.885553 0.000010 0.000010
0.076137 0.011096 0.012894 0.899853 0.000010 0.000010
0.082878 0.000010 0.006395 0.900260 0.000010 0.010446
0.071797 0.000010 0.050804 0.874828 0.000010 0.002551
0.075596 0.000010 0.015033 0.898178 0.002285 0.008898
0.048645 0.012277 0.002883 0.929115 0.000010 0.007070
0.079534 0.000010 0.023899 0.884089 0.000010 0.012459
0.075670 0.000010 0.000010 0.924290 0.000010 0.000010
0.062498 0.000010 0.000010 0.937462 0.000010 0.000010
0.063875 0.000010 0.019780 0.916315 0.000010 0.000010
0.076821 0.000010 0.043652 0.879497 0.000010 0.000010
0.066691 0.037243 0.000010 0.896036 0.000010 0.000010
0.073476 0.000010 0.034158 0.892336 0.000010 0.000010
0.078570 0.000010 0.051967 0.869433 0.000010 0.000010
0.000010 0.058340 0.941620 0.000010 0.000010 0.000010
0.000010 0.000010 0.895027 0.000010 0.080520 0.024424
0.000010 0.028626 0.000010 0.000010 0.908335 0.063009
0.000010 0.063331 0.000010 0.000010 0.936629 0.000010
0.000010 0.000010 0.000010 0.999950 0.000010 0.000010
0.000010 0.000010 0.000010 0.999950 0.000010 0.000010
0.071896 0.000010 0.000010 0.884189 0.043886 0.000010
0.079977 0.000010 0.057521 0.861770 0.000010 0.000712
0.073019 0.000010 0.000010 0.926941 0.000010 0.000010
0.087892 0.000010 0.000010 0.912068 0.000010 0.000010
0.000010 0.000010 0.000010 0.999950 0.000010 0.000010
0.000010 0.000010 0.000010 0.997010 0.000010 0.002950
0.000010 0.000010 0.000010 0.999950 0.000010 0.000010
0.067083 0.000010 0.000010 0.888232 0.044655 0.000010
0.000010 0.000010 0.000010 0.999950 0.000010 0.000010
0.093873 0.000010 0.000010 0.872578 0.031860 0.001669
0.109870 0.000010 0.005635 0.884465 0.000010 0.000010
0.090255 0.000010 0.018198 0.870983 0.000010 0.020543
0.117844 0.000010 0.000010 0.882116 0.000010 0.000010
0.120537 0.000010 0.000010 0.836697 0.042736 0.000010
0.101606 0.000010 0.000010 0.891014 0.000010 0.007350
0.099551 0.000010 0.025460 0.874959 0.000010 0.000010
0.109576 0.000010 0.032829 0.857564 0.000010 0.000010
0.088265 0.007218 0.045218 0.857814 0.001474 0.000010
0.098830 0.000010 0.000010 0.901130 0.000010 0.000010
0.103866 0.012324 0.000010 0.883780 0.000010 0.000010
0.099002 0.000014 0.014928 0.886036 0.000010 0.000010
0.081427 0.000010 0.000010 0.918533 0.000010 0.000010
0.088129 0.014303 0.027451 0.865794 0.000010 0.004312
0.099762 0.023085 0.014549 0.862584 0.000010 0.000010
0.112108 0.017052 0.024648 0.846172 0.000010 0.000010
0.071605 0.004270 0.041880 0.882226 0.000010 0.000010
0.094751 0.000010 0.031274 0.873945 0.000010 0.000010
0.080583 0.000010 0.040677 0.874821 0.000010 0.003898
0.083204 0.003707 0.003174 0.909895 0.000010 0.000010
0.000010 0.000010 0.000010 0.999950 0.000010 0.000010
0.000010 0.000010 0.000010 0.999950 0.000010 0.000010
0.000010 0.000010 0.000010 0.999950 0.000010 0.000010
0.999950 0.000010 0.000010 0.000010 0.000010 0.000010
0.000010 0.165996 0.000010 0.000010 0.780408 0.053566
0.999950 0.000010 0.000010 0.000010 0.000010 0.000010
0.999950 0.000010 0.000010 0.000010 0.000010 0.000010
0.999950 0.000010 0.000010 0.000010 0.000010 0.000010
0.999950 0.000010 0.000010 0.000010 0.000010 0.000010
0.999950 0.000010 0.000010 0.000010 0.000010 0.000010
0.999950 0.000010 0.000010 0.000010 0.000010 0.000010
0.999950 0.000010 0.000010 0.000010 0.000010 0.000010
0.999949 0.000010 0.000011 0.000010 0.000010 0.000010
0.999950 0.000010 0.000010 0.000010 0.000010 0.000010
0.999950 0.000010 0.000010 0.000010 0.000010 0.000010
0.000010 0.232443 0.000010 0.000010 0.705930 0.061597
0.999950 0.000010 0.000010 0.000010 0.000010 0.000010
0.999950 0.000010 0.000010 0.000010 0.000010 0.000010
0.999950 0.000010 0.000010 0.000010 0.000010 0.000010
0.999950 0.000010 0.000010 0.000010 0.000010 0.000010
0.999950 0.000010 0.000010 0.000010 0.000010 0.000010
0.999950 0.000010 0.000010 0.000010 0.000010 0.000010
0.999950 0.000010 0.000010 0.000010 0.000010 0.000010
0.109211 0.000010 0.002066 0.888693 0.000010 0.000010
0.128025 0.000010 0.009211 0.862734 0.000010 0.000010
0.063867 0.013170 0.000010 0.880662 0.037816 0.004474
0.073082 0.000010 0.000010 0.911770 0.015118 0.000010
0.066881 0.000010 0.000010 0.933079 0.000010 0.000010
0.080492 0.000010 0.000010 0.919468 0.000010 0.000010
0.062790 0.005990 0.000010 0.919970 0.000010 0.011230
0.052354 0.000010 0.000010 0.914233 0.033384 0.000010
0.064790 0.000010 0.000010 0.935170 0.000010 0.000010
0.080181 0.000010 0.000010 0.919779 0.000010 0.000010
0.079065 0.018043 0.000010 0.899668 0.003204 0.000010
0.078954 0.000010 0.000010 0.921006 0.000010 0.000010
0.078285 0.000010 0.007209 0.909672 0.000010 0.004814
0.063575 0.000010 0.039272 0.897123 0.000010 0.000010
0.042511 0.000010 0.000010 0.932227 0.025232 0.000010
0.062558 0.000010 0.000010 0.908496 0.012035 0.016890
0.054519 0.018465 0.000010 0.926985 0.000010 0.000010
0.038817 0.000010 0.000010 0.955382 0.000010 0.005771
0.027189 0.000010 0.020431 0.952350 0.000010 0.000010
0.052645 0.000397 0.000010 0.946168 0.000010 0.000770
0.060436 0.000010 0.003368 0.936166 0.000010 0.000010
0.068176 0.000010 0.000010 0.898932 0.032862 0.000010
0.000010 0.179893 0.000010 0.000010 0.769825 0.050253
0.000010 0.035471 0.000010 0.000010 0.964489 0.000010
0.000010 0.079276 0.000010 0.000010 0.909017 0.011677
0.000010 0.092887 0.000010 0.000010 0.907073 0.000010
0.000010 0.026048 0.000010 0.000010 0.972093 0.001830
0.089001 0.011737 0.015610 0.876152 0.000010 0.007490
0.100547 0.000010 0.016133 0.882482 0.000010 0.000819
0.118052 0.022331 0.000010 0.856115 0.000010 0.003482
0.111763 0.000010 0.000010 0.888197 0.000010 0.000010
0.093601 0.000010 0.012356 0.894014 0.000010 0.000010
0.098125 0.011426 0.000010 0.869770 0.020659 0.000010
0.000012 0.035610 0.236545 0.000010 0.727814 0.000010
0.000010 0.162159 0.000010 0.000010 0.803066 0.034745
0.098923 0.002822 0.000010 0.884605 0.000010 0.013630
0.099468 0.000010 0.000010 0.897840 0.000010 0.002661
0.091722 0.000010 0.000010 0.908238 0.000010 0.000010
0.085961 0.000010 0.019384 0.894625 0.000010 0.000010
0.093577 0.000010 0.000010 0.905231 0.001162 0.000010
0.084909 0.000010 0.049827 0.865234 0.000010 0.000010
0.000010 0.000010 0.000010 0.999950 0.000010 0.000010
0.999950 0.000010 0.000010 0.000010 0.000010 0.000010
0.999950 0.000010 0.000010 0.000010 0.000010 0.000010
0.999950 0.000010 0.000010 0.000010 0.000010 0.000010
0.999950 0.000010 0.000010 0.000010 0.000010 0.000010
0.999950 0.000010 0.000010 0.000010 0.000010 0.000010
0.000010 0.000010 0.000010 0.999950 0.000010 0.000010
0.000010 0.002252 0.000010 0.997708 0.000010 0.000010
0.000010 0.000010 0.000010 0.999950 0.000010 0.000010
0.000010 0.000010 0.000010 0.999950 0.000010 0.000010
0.000010 0.000010 0.000010 0.999950 0.000010 0.000010
0.000010 0.000010 0.000010 0.999950 0.000010 0.000010
0.000010 0.000010 0.000010 0.999950 0.000010 0.000010
0.000010 0.184624 0.000010 0.000010 0.722780 0.092566
0.000010 0.000010 0.000010 0.999950 0.000010 0.000010
0.000010 0.000010 0.000010 0.999950 0.000010 0.000010
0.000010 0.000010 0.000010 0.999950 0.000010 0.000010
0.000010 0.000010 0.000010 0.999950 0.000010 0.000010
0.000010 0.000010 0.000010 0.999950 0.000010 0.000010
0.000010 0.000010 0.000010 0.999950 0.000010 0.000010
0.717949 0.000010 0.000010 0.282011 0.000010 0.000010
0.696119 0.000010 0.044823 0.254419 0.000010 0.004619
0.000010 0.000010 0.000010 0.999950 0.000010 0.000010
0.000010 0.000010 0.000010 0.999950 0.000010 0.000010
0.000010 0.000010 0.000010 0.999950 0.000010 0.000010
0.038305 0.000010 0.000010 0.961655 0.000010 0.000010
0.000010 0.000010 0.000010 0.999950 0.000010 0.000010
0.000010 0.000010 0.000010 0.999950 0.000010 0.000010
0.000010 0.000010 0.000010 0.999950 0.000010 0.000010
0.000010 0.000010 0.000010 0.999950 0.000010 0.000010
0.000010 0.000010 0.000010 0.999950 0.000010 0.000010
0.000010 0.000010 0.000010 0.999950 0.000010 0.000010
0.000010 0.000010 0.000010 0.999950 0.000010 0.000010
0.000010 0.000019 0.000010 0.999941 0.000010 0.000010
0.000010 0.171431 0.000010 0.000010 0.713459 0.115080
0.065610 0.000010 0.000010 0.934350 0.000010 0.000010
0.049801 0.000010 0.000010 0.950159 0.000010 0.000010
0.024294 0.000010 0.000010 0.975666 0.000010 0.000010
0.005007 0.000010 0.000441 0.972422 0.022111 0.000010
0.029981 0.000010 0.000010 0.965037 0.000010 0.004951
0.029855 0.000010 0.000010 0.970105 0.000010 0.000010
0.020851 0.000010 0.036610 0.935327 0.000010 0.007192
0.022252 0.000010 0.000010 0.977708 0.000010 0.000010
0.031569 0.000010 0.000010 0.968391 0.000010 0.000010
0.054113 0.000010 0.000010 0.945847 0.000010 0.000010
0.000010 0.000010 0.000010 0.999950 0.000010 0.000010
0.020272 0.000010 0.000010 0.972720 0.006978 0.000010
0.008928 0.000010 0.000010 0.969849 0.000010 0.021192
0.035593 0.000010 0.000010 0.964367 0.000010 0.000010
0.091337 0.000010 0.028780 0.879853 0.000010 0.000010
0.069716 0.004986 0.000010 0.925268 0.000010 0.000010
0.116622 0.000010 0.000010 0.883338 0.000010 0.000010
0.118497 0.008545 0.026602 0.831029 0.000010 0.015317
0.123646 0.000010 0.000010 0.876314 0.000010 0.000010
0.114028 0.000010 0.033631 0.831753 0.020568 0.000010
0.080940 0.000010 0.000010 0.919020 0.000010 0.000010
0.065344 0.000010 0.000010 0.934616 0.000010 0.000010
0.104590 0.000010 0.000010 0.895370 0.000010 0.000010
0.108226 0.004830 0.001072 0.885853 0.000010 0.000010
0.000010 0.000010 0.000010 0.999950 0.000010 0.000010
0.059537 0.000010 0.000010 0.940423 0.000010 0.000010
0.028041 0.000010 0.000010 0.971919 0.000010 0.000010
0.116643 0.000010 0.000010 0.883317 0.000010 0.000010
0.096418 0.000010 0.000010 0.900870 0.000010 0.002682
0.098911 0.000010 0.023467 0.863738 0.013864 0.000010
0.104499 0.000010 0.000010 0.857047 0.038424 0.000010
0.116190 0.000010 0.003176 0.865663 0.000010 0.014950
0.096489 0.000010 0.022602 0.880879 0.000010 0.000010
0.095374 0.000010 0.030585 0.874011 0.000010 0.000010
0.108230 0.000010 0.039322 0.852418 0.000010 0.000010
0.072951 0.016535 0.000010 0.910484 0.000010 0.000010
0.000010 0.999950 0.000010 0.000010 0.000010 0.000010
0.000010 0.000010 0.000010 0.000010 0.999950 0.000010
0.000010 0.999950 0.000010 0.000010 0.000010 0.000010
0.000010 0.000010 0.000010 0.000010 0.999950 0.000010
0.000010 0.222175 0.000010 0.000010 0.725229 0.052566
0.000018 0.999942 0.000010 0.000010 0.000010 0.000010
0.000010 0.999949 0.000011 0.000010 0.000010 0.000010
0.000010 0.999950 0.000010 0.000010 0.000010 0.000010
0.000010 0.999950 0.000010 0.000010 0.000010 0.000010
0.000010 0.999948 0.000012 0.000010 0.000010 0.000010
0.000010 0.058988 0.206609 0.000010 0.734373 0.000010
0.995883 0.000010 0.000010 0.004077 0.000010 0.000010
0.000010 0.219715 0.000010 0.000010 0.709322 0.070933
0.982220 0.000010 0.000010 0.017740 0.000010 0.000010
0.174890 0.000010 0.023195 0.795083 0.006811 0.000010
0.150705 0.000010 0.000010 0.847449 0.000010 0.001817
0.135742 0.000010 0.000010 0.858436 0.005792 0.000010
0.999950 0.000010 0.000010 0.000010 0.000010 0.000010
0.999950 0.000010 0.000010 0.000010 0.000010 0.000010
0.999950 0.000010 0.000010 0.000010 0.000010 0.000010
0.999950 0.000010 0.000010 0.000010 0.000010 0.000010
0.999950 0.000010 0.000010 0.000010 0.000010 0.000010
0.999949 0.000011 0.000010 0.000010 0.000010 0.000010
0.999950 0.000010 0.000010 0.000010 0.000010 0.000010
0.999950 0.000010 0.000010 0.000010 0.000010 0.000010
0.999950 0.000010 0.000010 0.000010 0.000010 0.000010
0.999950 0.000010 0.000010 0.000010 0.000010 0.000010
0.999950 0.000010 0.000010 0.000010 0.000010 0.000010
0.999950 0.000010 0.000010 0.000010 0.000010 0.000010
0.999950 0.000010 0.000010 0.000010 0.000010 0.000010
0.999950 0.000010 0.000010 0.000010 0.000010 0.000010
0.000010 0.156066 0.000010 0.000010 0.757221 0.086683
0.000010 0.227398 0.000010 0.000010 0.716320 0.056252
0.000010 0.194765 0.000010 0.000010 0.722837 0.082369
0.000010 0.265952 0.000010 0.000010 0.631260 0.102757
0.000010 0.786931 0.000010 0.000010 0.134128 0.078911
0.000010 0.132887 0.000010 0.000010 0.849469 0.017614
0.000010 0.142397 0.000010 0.000010 0.857563 0.000010
0.000010 0.050379 0.000010 0.000010 0.894205 0.055386
0.000010 0.007022 0.220419 0.000010 0.764507 0.008032
0.000010 0.000010 0.214842 0.000010 0.775493 0.009635
0.000010 0.000010 0.218803 0.025512 0.755655 0.000010
0.000010 0.034552 0.311935 0.000010 0.640162 0.013331
0.000010 0.000010 0.000010 0.000010 0.977531 0.022429
0.000010 0.845468 0.000010 0.000010 0.000010 0.154492
0.000010 0.898423 0.000010 0.000010 0.000010 0.101537
0.000010 0.902198 0.000010 0.000010 0.011107 0.086665
0.000010 0.949917 0.000010 0.000010 0.000010 0.050043
0.000012 0.999948 0.000010 0.000010 0.000010 0.000010
0.000010 0.999950 0.000010 0.000010 0.000010 0.000010
0.000010 0.907318 0.000010 0.000010 0.000010 0.092642
0.000010 0.999950 0.000010 0.000010 0.000010 0.000010
0.000010 0.908751 0.000010 0.000010 0.000010 0.091209
0.000010 0.930927 0.000010 0.000010 0.000010 0.069033
0.000010 0.889706 0.000010 0.000010 0.000010 0.110254
0.000010 0.898327 0.000010 0.000010 0.000010 0.101633
0.000010 0.006578 0.518858 0.071770 0.402775 0.000010
0.000010 0.000700 0.568412 0.051482 0.379060 0.000336
0.000010 0.011902 0.572946 0.030817 0.384315 0.000010
0.000010 0.000010 0.469772 0.089966 0.440233 0.000010
0.000010 0.935409 0.000010 0.000010 0.000010 0.064551
0.000010 0.000010 0.177902 0.000010 0.780719 0.041349
0.000010 0.000010 0.484498 0.047066 0.448070 0.020346
0.000010 0.003625 0.595368 0.000010 0.394676 0.006311
0.000010 0.014559 0.496964 0.001255 0.482598 0.004614
0.000010 0.886345 0.000010 0.000010 0.000010 0.113615
0.000010 0.947736 0.000010 0.000010 0.000010 0.052224
0.000010 0.004787 0.232110 0.000010 0.730697 0.032387
0.000010 0.041718 0.217296 0.000010 0.740957 0.000010
0.000010 0.927024 0.000010 0.000010 0.000010 0.072936
0.000010 0.022548 0.540683 0.000010 0.436740 0.000010
0.000010 0.000010 0.412958 0.041226 0.545786 0.000010
0.000010 0.018708 0.218477 0.000010 0.744218 0.018577
0.000010 0.007559 0.515423 0.044380 0.432617 0.000010
0.000010 0.000010 0.584103 0.088540 0.327327 0.000010
0.000010 0.000010 0.177569 0.000010 0.803646 0.018755
0.000010 0.000010 0.157429 0.000010 0.817275 0.025267
0.000010 0.000010 0.532888 0.006612 0.460470 0.000010
0.000010 0.000010 0.644720 0.000010 0.355240 0.000010
0.000010 0.000010 0.476649 0.051364 0.448006 0.023961
0.000010 0.000010 0.467464 0.059086 0.473420 0.000010
0.000010 0.027561 0.527433 0.000010 0.440515 0.004471
0.000010 0.000010 0.359064 0.128179 0.512727 0.000010
0.000010 0.034542 0.248297 0.023123 0.683992 0.010036
0.000010 0.032360 0.227393 0.000010 0.727277 0.012950
0.000010 0.000010 0.197359 0.000010 0.779612 0.022999
0.000010 0.000010 0.683857 0.000010 0.296582 0.019531
0.000010 0.023037 0.833906 0.000010 0.126939 0.016098
0.000010 0.000010 0.172139 0.000010 0.781961 0.045870
0.000010 0.000010 0.251545 0.000010 0.740793 0.007633
0.000010 0.001398 0.318111 0.000010 0.675548 0.004922
0.000010 0.000010 0.202144 0.000010 0.797816 0.000010
0.000010 0.002648 0.222700 0.000010 0.771508 0.003124
0.000010 0.999950 0.000010 0.000010 0.000010 0.000010
0.000010 0.999950 0.000010 0.000010 0.000010 0.000010
0.000010 0.999950 0.000010 0.000010 0.000010 0.000010
0.000010 0.999950 0.000010 0.000010 0.000010 0.000010
0.000010 0.999950 0.000010 0.000010 0.000010 0.000010
0.000010 0.999950 0.000010 0.000010 0.000010 0.000010
0.000010 0.999950 0.000010 0.000010 0.000010 0.000010
0.000010 0.999950 0.000010 0.000010 0.000010 0.000010
0.000010 0.999950 0.000010 0.000010 0.000010 0.000010
0.000010 0.020219 0.278316 0.000010 0.701434 0.000010
0.000010 0.004660 0.255443 0.000010 0.707147 0.032730
0.000010 0.009800 0.172014 0.000010 0.808639 0.009528
0.000010 0.000010 0.199268 0.000010 0.786255 0.014447
0.000010 0.000010 0.263902 0.000010 0.736058 0.000010
0.000010 0.000010 0.170700 0.000010 0.824231 0.005039
0.000010 0.044564 0.240947 0.000010 0.714459 0.000010
0.000010 0.000010 0.195301 0.000010 0.762684 0.041986
0.000010 0.025757 0.189543 0.000010 0.784671 0.000010
0.000010 0.015318 0.215438 0.000010 0.750296 0.018929
0.000010 0.000010 0.999950 0.000010 0.000010 0.000010
0.000010 0.002779 0.248754 0.000010 0.703295 0.045152
0.000010 0.044873 0.178081 0.000010 0.777016 0.000010
0.000010 0.001229 0.998731 0.000010 0.000010 0.000010
0.000010 0.009870 0.522273 0.049271 0.418567 0.000010
0.000011 0.879678 0.000010 0.000010 0.000010 0.120282
0.000010 0.883818 0.000010 0.000010 0.000010 0.116142
0.000010 0.932124 0.000010 0.000010 0.000010 0.067836
0.000010 0.910504 0.000010 0.000010 0.000010 0.089456
0.000010 0.909592 0.000010 0.000010 0.000010 0.090368
0.000010 0.916426 0.000010 0.000010 0.000010 0.083534
0.000010 0.904483 0.000010 0.000010 0.000010 0.095477
0.000010 0.907274 0.000010 0.000010 0.000010 0.092686
0.054527 0.000010 0.000010 0.945433 0.000010 0.000010
0.068742 0.035754 0.000010 0.879301 0.016184 0.000010
0.070769 0.000010 0.016271 0.912929 0.000010 0.000010
0.122939 0.000010 0.000010 0.848419 0.022514 0.006108
0.000010 0.037248 0.209211 0.000010 0.736255 0.017267
0.000010 0.025527 0.704999 0.000010 0.269444 0.000010
0.064489 0.000010 0.017060 0.918421 0.000010 0.000010
0.045741 0.000010 0.000010 0.946918 0.000010 0.007312
0.048883 0.000010 0.000010 0.928160 0.022927 0.000010
0.064677 0.000010 0.010888 0.924405 0.000010 0.000010
0.047203 0.004918 0.000010 0.947849 0.000010 0.000010
0.050065 0.000010 0.000010 0.946162 0.000010 0.003742
0.000010 0.894012 0.000010 0.000010 0.000010 0.105948
0.057094 0.000010 0.036608 0.906268 0.000010 0.000010
0.061970 0.000010 0.000010 0.937990 0.000010 0.000010
0.999948 0.000012 0.000010 0.000010 0.000010 0.000010
0.999950 0.000010 0.000010 0.000010 0.000010 0.000010
0.999950 0.000010 0.000010 0.000010 0.000010 0.000010
0.999950 0.000010 0.000010 0.000010 0.000010 0.000010
0.999950 0.000010 0.000010 0.000010 0.000010 0.000010
0.000010 0.000010 0.701112 0.000010 0.254981 0.043877
0.000010 0.029626 0.596234 0.045763 0.328358 0.000010
0.000010 0.027845 0.614933 0.019966 0.337236 0.000010
0.000010 0.010990 0.201542 0.000010 0.778257 0.009191
0.000010 0.000010 0.694790 0.019606 0.285574 0.000010
0.000010 0.065870 0.152016 0.000010 0.782084 0.000010
0.000010 0.000010 0.000010 0.000010 0.000010 0.999950
0.000010 0.000010 0.000010 0.000010 0.000010 0.999950
0.000010 0.000010 0.000010 0.000010 0.000010 0.999950
0.000010 0.000010 0.000010 0.000010 0.000010 0.999950
0.000010 0.000010 0.000010 0.000010 0.000010 0.999950
0.913844 0.000010 0.000010 0.086116 0.000010 0.000010
0.000010 0.936634 0.000010 0.000010 0.000010 0.063326
0.910002 0.000010 0.000010 0.089958 0.000010 0.000010
0.920527 0.000010 0.000010 0.079433 0.000010 0.000010
0.790742 0.000010 0.000010 0.209218 0.000010 0.000010
0.827556 0.000010 0.000010 0.172404 0.000010 0.000010
0.776263 0.005407 0.000010 0.182364 0.034732 0.001224
0.802542 0.000010 0.014037 0.183391 0.000010 0.000010
0.822339 0.000010 0.000010 0.177621 0.000010 0.000010
0.774496 0.000010 0.000010 0.225464 0.000010 0.000010
0.861545 0.000010 0.000010 0.138415 0.000010 0.000010
0.838962 0.000010 0.000010 0.160998 0.000010 0.000010
0.922692 0.000010 0.048542 0.028736 0.000010 0.000010
0.845008 0.000010 0.031212 0.121757 0.002004 0.000010
0.716470 0.000010 0.035408 0.248092 0.000010 0.000010
0.844123 0.000010 0.000010 0.155837 0.000010 0.000010
0.092817 0.013694 0.000010 0.893459 0.000010 0.000010
0.099874 0.000010 0.000010 0.898568 0.001528 0.000010
0.094277 0.009689 0.032962 0.862780 0.000010 0.000282
0.000010 0.908231 0.000019 0.000010 0.000010 0.091720
0.115335 0.013274 0.001391 0.861144 0.000010 0.008846
0.098268 0.013358 0.034872 0.842416 0.000010 0.011076
0.084982 0.008396 0.025189 0.876933 0.004149 0.000350
0.100135 0.009752 0.013203 0.836766 0.040134 0.000010
0.103376 0.000010 0.000010 0.896584 0.000010 0.000010
0.082748 0.000010 0.049218 0.827581 0.040433 0.000010
0.101036 0.000010 0.000010 0.898924 0.000010 0.000010
0.097320 0.000010 0.039492 0.862196 0.000010 0.000971
0.094466 0.000010 0.030990 0.874513 0.000010 0.000010
0.094004 0.000010 0.005738 0.900228 0.000010 0.000010
0.085885 0.000010 0.000010 0.880278 0.033808 0.000010
0.103015 0.041117 0.010113 0.845735 0.000010 0.000010
0.092720 0.000010 0.000010 0.907240 0.000010 0.000010
0.083303 0.000010 0.049523 0.867144 0.000010 0.000010
0.086983 0.000010 0.060027 0.834781 0.018189 0.000010
0.077261 0.000010 0.000010 0.922699 0.000010 0.000010
0.080891 0.000010 0.022542 0.896537 0.000010 0.000010
0.000010 0.000010 0.257549 0.000010 0.728292 0.014129
0.999950 0.000010 0.000010 0.000010 0.000010 0.000010
0.999950 0.000010 0.000010 0.000010 0.000010 0.000010
