0.701532 0.268488 0.029960 0.000010 0.000010
0.743303 0.232842 0.023835 0.000010 0.000010
0.000010 0.000010 0.999960 0.000010 0.000010
0.097516 0.884369 0.018095 0.000010 0.000010
0.047368 0.952602 0.000010 0.000010 0.000010
0.000010 0.967191 0.032779 0.000010 0.000010
0.000010 0.999960 0.000010 0.000010 0.000010
0.000010 0.999960 0.000010 0.000010 0.000010
0.010197 0.989773 0.000010 0.000010 0.000010
0.000010 0.999960 0.000010 0.000010 0.000010
0.035553 0.943334 0.021093 0.000010 0.000010
0.144915 0.855055 0.000010 0.000010 0.000010
0.079366 0.916583 0.004031 0.000010 0.000010
0.000010 0.999960 0.000010 0.000010 0.000010
0.000010 0.000010 0.999960 0.000010 0.000010
0.000010 0.000010 0.999960 0.000010 0.000010
0.000010 0.000010 0.999960 0.000010 0.000010
0.000010 0.000010 0.999960 0.000010 0.000010
0.000010 0.000010 0.999960 0.000010 0.000010
0.000010 0.000010 0.999960 0.000010 0.000010
0.826221 0.149669 0.024090 0.000010 0.000010
0.836887 0.163083 0.000010 0.000010 0.000010
0.968282 0.000010 0.031688 0.000010 0.000010
0.924580 0.000010 0.075390 0.000010 0.000010
0.933665 0.000010 0.066305 0.000010 0.000010
0.251690 0.000010 0.748280 0.000010 0.000010
0.950660 0.000010 0.049310 0.000010 0.000010
0.012738 0.033972 0.000010 0.905919 0.047361
0.000010 0.000018 0.999952 0.000010 0.000010
0.888543 0.065083 0.046353 0.000010 0.000010
0.179122 0.000010 0.820848 0.000010 0.000010
0.000010 0.000010 0.999960 0.000010 0.000010
0.000010 0.000010 0.000010 0.000010 0.999960
0.000010 0.000010 0.000010 0.000010 0.999960
0.000010 0.000010 0.000010 0.000010 0.999960
0.000010 0.000010 0.000010 0.000010 0.999960
0.000010 0.000010 0.000010 0.000010 0.999960
0.000010 0.000010 0.000010 0.000010 0.999960
0.000010 0.000010 0.000010 0.000010 0.999960
0.000010 0.000010 0.000010 0.000010 0.999960
0.000010 0.000010 0.000010 0.000010 0.999960
0.000010 0.000010 0.000010 0.000010 0.999960
0.000010 0.000010 0.000010 0.000010 0.999960
0.886011 0.000010 0.113959 0.000010 0.000010
0.973667 0.000010 0.026303 0.000010 0.000010
0.179921 0.000010 0.820049 0.000010 0.000010
0.000010 0.000010 0.999960 0.000010 0.000010
0.000010 0.000010 0.999960 0.000010 0.000010
0.000010 0.000010 0.999960 0.000010 0.000010
0.000010 0.000010 0.999960 0.000010 0.000010
0.000010 0.000010 0.999960 0.000010 0.000010
0.906696 0.000010 0.093274 0.000010 0.000010
0.868313 0.000010 0.131657 0.000010 0.000010
0.000010 0.000010 0.999960 0.000010 0.000010
0.000010 0.000010 0.999960 0.000010 0.000010
0.000010 0.000010 0.999960 0.000010 0.000010
0.305346 0.000010 0.694624 0.000010 0.000010
0.000010 0.000010 0.999960 0.000010 0.000010
0.000010 0.000010 0.999960 0.000010 0.000010
0.000010 0.000010 0.999960 0.000010 0.000010
0.000010 0.000010 0.999960 0.000010 0.000010
0.000010 0.000010 0.999960 0.000010 0.000010
0.000010 0.000010 0.999960 0.000010 0.000010
0.000010 0.000010 0.000010 0.860732 0.139238
0.028311 0.000010 0.000010 0.832329 0.139340
0.020858 0.000010 0.011169 0.849449 0.118514
0.000010 0.025973 0.000010 0.845866 0.128141
0.000010 0.015773 0.000010 0.853668 0.130539
0.005559 0.000010 0.000826 0.866762 0.126843
0.000010 0.000010 0.000010 0.877299 0.122671
0.000010 0.000010 0.999960 0.000010 0.000010
0.000010 0.000010 0.999960 0.000010 0.000010
0.346601 0.000010 0.653369 0.000010 0.000010
0.000010 0.000010 0.999960 0.000010 0.000010
0.000010 0.000010 0.999960 0.000010 0.000010
0.000010 0.000010 0.999960 0.000010 0.000010
0.332056 0.495610 0.010855 0.161470 0.000010
0.403109 0.522846 0.025090 0.048946 0.000010
0.184815 0.815155 0.000010 0.000010 0.000010
0.395360 0.573303 0.000010 0.031317 0.000010
0.360376 0.518464 0.000010 0.121140 0.000010
0.402914 0.484635 0.000010 0.112431 0.000010
0.159609 0.840358 0.000013 0.000010 0.000010
0.951034 0.024613 0.024333 0.000010 0.000010
0.943770 0.000010 0.056200 0.000010 0.000010
0.856969 0.067080 0.075931 0.000010 0.000010
0.838843 0.084628 0.076510 0.000010 0.000010
0.925466 0.000010 0.074504 0.000010 0.000010
0.915878 0.000010 0.084092 0.000010 0.000010
0.859227 0.049857 0.090896 0.000010 0.000010
0.925028 0.000010 0.074942 0.000010 0.000010
0.000010 0.012910 0.006438 0.889050 0.091593
0.000010 0.000010 0.029268 0.883659 0.087052
0.001451 0.000010 0.006344 0.910805 0.081390
0.000010 0.035569 0.000010 0.861664 0.102748
0.000010 0.000010 0.010391 0.910139 0.079450
0.000010 0.027709 0.000010 0.890843 0.081428
0.006860 0.013522 0.000010 0.917956 0.061652
0.920148 0.079822 0.000010 0.000010 0.000010
0.852273 0.112174 0.035533 0.000010 0.000010
0.269532 0.395895 0.032135 0.285098 0.017340
0.335820 0.343200 0.000010 0.303324 0.017646
0.357097 0.351683 0.000010 0.286476 0.004735
0.256387 0.400552 0.004187 0.321177 0.017696
0.265178 0.450612 0.000010 0.268695 0.015505
0.274766 0.391163 0.019266 0.314795 0.000010
0.284882 0.430118 0.018099 0.255419 0.011482
0.230057 0.509482 0.000010 0.256817 0.003634
0.634526 0.365444 0.000010 0.000010 0.000010
0.589519 0.387803 0.022658 0.000010 0.000010
0.636479 0.359213 0.004288 0.000010 0.000010
0.870091 0.000010 0.129879 0.000010 0.000010
0.902080 0.000010 0.097890 0.000010 0.000010
0.897550 0.102420 0.000010 0.000010 0.000010
0.840865 0.127913 0.031202 0.000010 0.000010
0.899222 0.100748 0.000010 0.000010 0.000010
0.271043 0.443616 0.009478 0.251338 0.024526
0.841722 0.136878 0.021380 0.000010 0.000010
0.822169 0.145761 0.032050 0.000010 0.000010
0.000010 0.000010 0.999960 0.000010 0.000010
0.000010 0.000010 0.999960 0.000010 0.000010
0.000010 0.000010 0.999960 0.000010 0.000010
0.000010 0.000010 0.999960 0.000010 0.000010
0.000010 0.000010 0.999960 0.000010 0.000010
0.000010 0.000010 0.999960 0.000010 0.000010
0.000010 0.000010 0.999960 0.000010 0.000010
0.190012 0.000010 0.809958 0.000010 0.000010
0.000010 0.000010 0.999960 0.000010 0.000010
0.000010 0.000010 0.999960 0.000010 0.000010
0.000010 0.000010 0.999960 0.000010 0.000010
0.188750 0.000010 0.811220 0.000010 0.000010
0.000010 0.000010 0.999960 0.000010 0.000010
0.000010 0.000010 0.999960 0.000010 0.000010
0.000010 0.000010 0.999960 0.000010 0.000010
0.000010 0.000010 0.999960 0.000010 0.000010
0.236052 0.000010 0.763918 0.000010 0.000010
0.808801 0.000010 0.191169 0.000010 0.000010
0.753402 0.000010 0.246568 0.000010 0.000010
0.769867 0.000010 0.230103 0.000010 0.000010
0.735081 0.000010 0.264889 0.000010 0.000010
0.818808 0.000010 0.181162 0.000010 0.000010
0.791942 0.000010 0.208028 0.000010 0.000010
0.793320 0.000010 0.206650 0.000010 0.000010
0.787603 0.000010 0.212367 0.000010 0.000010
0.794017 0.000010 0.205953 0.000010 0.000010
0.842568 0.116953 0.040459 0.000010 0.000010
0.895773 0.042213 0.061994 0.000010 0.000010
0.844327 0.099488 0.056165 0.000010 0.000010
0.856177 0.055733 0.088070 0.000010 0.000010
0.821380 0.108830 0.069769 0.000010 0.000010
0.870015 0.043715 0.086251 0.000010 0.000010
0.768528 0.000010 0.231442 0.000010 0.000010
0.000010 0.000010 0.999960 0.000010 0.000010
0.000010 0.000010 0.999960 0.000010 0.000010
0.798558 0.000010 0.201412 0.000010 0.000010
0.813907 0.000010 0.186063 0.000010 0.000010
0.000010 0.999960 0.000010 0.000010 0.000010
0.000010 0.999960 0.000010 0.000010 0.000010
0.000010 0.999960 0.000010 0.000010 0.000010
0.000010 0.999960 0.000010 0.000010 0.000010
0.000010 0.993567 0.006403 0.000010 0.000010
0.000010 0.976040 0.023930 0.000010 0.000010
0.000010 0.999960 0.000010 0.000010 0.000010
0.000010 0.999960 0.000010 0.000010 0.000010
0.000010 0.999960 0.000010 0.000010 0.000010
0.000010 0.999960 0.000010 0.000010 0.000010
0.000010 0.999960 0.000010 0.000010 0.000010
0.000010 0.000010 0.999960 0.000010 0.000010
0.000010 0.000010 0.999960 0.000010 0.000010
0.000010 0.000010 0.999959 0.000011 0.000010
0.000010 0.000010 0.999960 0.000010 0.000010
0.000010 0.000010 0.999960 0.000010 0.000010
0.000016 0.000010 0.999954 0.000010 0.000010
0.805675 0.180621 0.013685 0.000010 0.000010
0.680890 0.313847 0.005243 0.000010 0.000010
0.739425 0.260545 0.000010 0.000010 0.000010
0.664169 0.335801 0.000010 0.000010 0.000010
0.245212 0.000010 0.754758 0.000010 0.000010
0.000010 0.064492 0.000010 0.862120 0.073367
0.000010 0.029534 0.000010 0.885747 0.084699
0.000010 0.030358 0.000010 0.893790 0.075832
0.000010 0.010164 0.008126 0.898975 0.082725
0.000010 0.050100 0.000010 0.877707 0.072173
0.007258 0.014980 0.004660 0.897315 0.075787
0.000010 0.000010 0.018409 0.932499 0.049072
0.000010 0.024860 0.010962 0.884701 0.079466
0.000010 0.000010 0.000010 0.924214 0.075756
0.000010 0.000010 0.000010 0.937453 0.062517
0.000010 0.017922 0.000010 0.918051 0.064007
0.000010 0.043224 0.000010 0.879937 0.076819
0.024466 0.000010 0.012911 0.895811 0.066802
0.000010 0.033151 0.000010 0.893224 0.073605
0.000010 0.052610 0.000010 0.868925 0.078445
0.084791 0.891264 0.023925 0.000010 0.000010
0.067860 0.922189 0.009931 0.000010 0.000010
0.932488 0.000010 0.067482 0.000010 0.000010
0.990284 0.000010 0.009686 0.000010 0.000010
0.000010 0.000010 0.000010 0.999960 0.000010
0.000010 0.000010 0.000010 0.999960 0.000010
0.043777 0.000010 0.000010 0.884275 0.071928
0.000010 0.056183 0.000010 0.863732 0.080065
0.000010 0.000010 0.000010 0.926929 0.073041
0.000010 0.000010 0.000010 0.912107 0.087863
0.000010 0.000010 0.000010 0.999960 0.000010
0.000010 0.000010 0.000010 0.999960 0.000010
0.000010 0.000010 0.000010 0.999960 0.000010
0.044611 0.000010 0.000010 0.887974 0.067394
0.000010 0.000010 0.000010 0.999960 0.000010
0.026092 0.000010 0.000010 0.879638 0.094250
0.000010 0.002649 0.000010 0.887233 0.110098
0.000010 0.027686 0.016565 0.866060 0.089680
0.000010 0.000010 0.000010 0.882071 0.117899
0.039320 0.000010 0.000010 0.839714 0.120946
0.000010 0.000010 0.005071 0.893136 0.101773
0.000010 0.025328 0.000010 0.875010 0.099642
0.000010 0.028583 0.000010 0.861425 0.109973
0.000010 0.054829 0.000010 0.856990 0.088161
0.000010 0.000010 0.000010 0.901109 0.098861
0.000010 0.000010 0.010456 0.885380 0.104144
0.000010 0.014647 0.000010 0.886311 0.099022
0.000010 0.000010 0.000010 0.918548 0.081422
0.000670 0.026932 0.017760 0.866324 0.088313
0.000010 0.012055 0.017840 0.869482 0.100613
0.000010 0.028277 0.011720 0.847608 0.112385
0.000010 0.047677 0.000010 0.880582 0.071721
0.000010 0.036621 0.000010 0.869162 0.094198
0.000010 0.043551 0.000010 0.875714 0.080716
0.000010 0.000010 0.000010 0.916274 0.083696
0.000010 0.000010 0.000010 0.999960 0.000010
0.000010 0.000010 0.000010 0.999960 0.000010
0.000010 0.000010 0.000010 0.999960 0.000010
0.000010 0.000010 0.000010 0.000010 0.999960
0.840246 0.000010 0.159724 0.000010 0.000010
0.000010 0.000010 0.000010 0.000010 0.999960
0.000010 0.000010 0.000010 0.000010 0.999960
0.000010 0.000010 0.000010 0.000010 0.999960
0.000010 0.000010 0.000010 0.000010 0.999960
0.000010 0.000010 0.000010 0.000010 0.999960
0.000010 0.000010 0.000010 0.000010 0.999960
0.000010 0.000010 0.000010 0.000010 0.999960
0.000010 0.000010 0.000010 0.000010 0.999960
0.000010 0.000010 0.000010 0.000010 0.999960
0.000010 0.000010 0.000010 0.000010 0.999960
0.774148 0.000010 0.225822 0.000010 0.000010
0.000010 0.000010 0.000010 0.000010 0.999960
0.000010 0.000010 0.000010 0.000010 0.999960
0.000010 0.000010 0.000010 0.000010 0.999960
0.000010 0.000010 0.000010 0.000010 0.999960
0.000010 0.000010 0.000010 0.000010 0.999960
0.000010 0.000010 0.000010 0.000010 0.999960
0.000010 0.000010 0.000010 0.000010 0.999960
0.000010 0.002828 0.000010 0.887949 0.109203
0.000010 0.014934 0.000010 0.857409 0.127638
0.040232 0.000010 0.014062 0.881587 0.064109
0.005433 0.000010 0.000010 0.920679 0.073868
0.000010 0.000010 0.000010 0.933190 0.066780
0.000010 0.000010 0.000010 0.919372 0.080598
0.000010 0.000010 0.015537 0.921540 0.062903
0.024657 0.000010 0.000010 0.922379 0.052944
0.000010 0.000010 0.000010 0.935128 0.064842
0.000010 0.000010 0.000010 0.919744 0.080226
0.012396 0.000010 0.009974 0.898858 0.078761
0.000010 0.000010 0.000010 0.920994 0.078976
0.000010 0.011403 0.000010 0.910338 0.078238
0.000010 0.039271 0.000010 0.897076 0.063633
0.017777 0.008642 0.000010 0.931086 0.042484
0.019845 0.000010 0.012706 0.905167 0.062271
0.000010 0.000010 0.016814 0.928019 0.055147
0.000010 0.000010 0.004943 0.956145 0.038892
0.000010 0.004626 0.000010 0.966324 0.029030
0.000010 0.000010 0.001519 0.945888 0.052573
0.000010 0.001865 0.000010 0.937497 0.060618
0.032241 0.000010 0.000010 0.899530 0.068209
0.832633 0.000010 0.167337 0.000010 0.000010
0.999960 0.000010 0.000010 0.000010 0.000010
0.951827 0.000010 0.048143 0.000010 0.000010
0.965094 0.000010 0.034876 0.000010 0.000010
0.999960 0.000010 0.000010 0.000010 0.000010
0.000010 0.014982 0.016680 0.878898 0.089430
0.000010 0.025313 0.000010 0.874728 0.099939
0.009238 0.000010 0.020389 0.852501 0.117862
0.000010 0.000010 0.000010 0.888166 0.111804
0.000010 0.012286 0.000010 0.894012 0.093682
0.033581 0.000010 0.000010 0.868378 0.098021
0.708520 0.282699 0.008761 0.000010 0.000010
0.864207 0.000010 0.135763 0.000010 0.000010
0.000010 0.000010 0.015845 0.885379 0.098755
0.000010 0.001349 0.000576 0.898445 0.099620
0.000010 0.000010 0.000010 0.908226 0.091744
0.000010 0.012837 0.000010 0.900675 0.086468
0.000010 0.000010 0.000010 0.906317 0.093653
0.000010 0.044498 0.000010 0.870204 0.085277
0.000010 0.000010 0.000010 0.999960 0.000010
0.000010 0.000010 0.000010 0.000010 0.999960
0.000010 0.000010 0.000010 0.000010 0.999960
0.000010 0.000010 0.000010 0.000010 0.999960
0.000010 0.000010 0.000010 0.000010 0.999960
0.000010 0.000010 0.000010 0.000010 0.999960
0.000010 0.000010 0.000010 0.999960 0.000010
0.000010 0.000010 0.000010 0.999960 0.000010
0.000010 0.000010 0.000010 0.999960 0.000010
0.000010 0.000010 0.000010 0.999960 0.000010
0.000010 0.000010 0.000010 0.999960 0.000010
0.000010 0.000010 0.000010 0.999960 0.000010
0.000010 0.000010 0.000010 0.999960 0.000010
0.784467 0.000010 0.215503 0.000010 0.000010
0.000010 0.000010 0.000010 0.999960 0.000010
0.000010 0.000010 0.000010 0.999960 0.000010
0.000010 0.000010 0.000010 0.999960 0.000010
0.000010 0.000010 0.000010 0.999960 0.000010
0.000010 0.000010 0.000010 0.999960 0.000010
0.000010 0.000010 0.000010 0.999960 0.000010
0.001692 0.000010 0.000010 0.280663 0.717626
0.000010 0.044682 0.004125 0.254874 0.696309
0.000010 0.000010 0.000010 0.999960 0.000010
0.000010 0.000010 0.000010 0.999960 0.000010
0.000010 0.000010 0.000010 0.999960 0.000010
0.000010 0.000010 0.000010 0.961610 0.038360
0.000010 0.000010 0.000010 0.999960 0.000010
0.000010 0.000010 0.000010 0.999960 0.000010
0.000010 0.000010 0.000010 0.999960 0.000010
0.000010 0.000010 0.000010 0.999960 0.000010
0.000010 0.000010 0.000010 0.999960 0.000010
0.000010 0.000010 0.000010 0.999960 0.000010
0.000010 0.000010 0.000010 0.999960 0.000010
0.000010 0.000010 0.000010 0.999960 0.000010
0.769185 0.000010 0.230785 0.000010 0.000010
0.000010 0.000010 0.000010 0.934290 0.065680
0.000010 0.000010 0.000010 0.950189 0.049781
0.000010 0.000010 0.000010 0.975609 0.024361
0.000010 0.020516 0.000010 0.974234 0.005230
0.000010 0.000010 0.000010 0.969344 0.030626
0.000010 0.000010 0.000010 0.970113 0.029857
0.000010 0.044022 0.000010 0.935288 0.020670
0.000010 0.000010 0.000010 0.977706 0.022264
0.000010 0.000010 0.000010 0.968292 0.031678
0.000010 0.000010 0.000010 0.945856 0.054114
0.000010 0.000010 0.000010 0.999960 0.000010
0.005408 0.000010 0.000010 0.974237 0.020336
0.000010 0.000010 0.017641 0.973123 0.009216
0.000010 0.000010 0.000010 0.964388 0.035582
0.000010 0.027211 0.000010 0.881388 0.091380
0.006418 0.000010 0.000010 0.923902 0.069660
0.000010 0.000010 0.000010 0.883355 0.116615
0.000010 0.026371 0.022380 0.832571 0.118669
0.000010 0.000010 0.000010 0.876360 0.123610
0.018932 0.034757 0.000010 0.832169 0.114132
0.000010 0.000010 0.000010 0.918927 0.081043
0.000010 0.000010 0.000010 0.934550 0.065420
0.000010 0.000010 0.000010 0.895405 0.104565
0.009109 0.000016 0.000010 0.882944 0.107921
0.000010 0.000010 0.000010 0.999960 0.000010
0.000010 0.000010 0.000010 0.940386 0.059584
0.000010 0.000010 0.000010 0.971904 0.028066
0.000010 0.000010 0.000010 0.883233 0.116737
0.000010 0.000010 0.000010 0.903393 0.096577
0.000010 0.036192 0.000010 0.864957 0.098831
0.037147 0.000010 0.000010 0.858236 0.104597
0.000010 0.002947 0.014687 0.865942 0.116414
0.000010 0.013049 0.000010 0.889531 0.097400
0.000010 0.032356 0.000010 0.872332 0.095292
0.000010 0.037561 0.000010 0.854052 0.108367
0.012827 0.000010 0.006134 0.908122 0.072908
0.000010 0.000010 0.999960 0.000010 0.000010
0.999960 0.000010 0.000010 0.000010 0.000010
0.021267 0.000010 0.978703 0.000010 0.000010
0.999960 0.000010 0.000010 0.000010 0.000010
0.795139 0.000010 0.204831 0.000010 0.000010
0.000010 0.000010 0.999960 0.000010 0.000010
0.000010 0.000010 0.999960 0.000010 0.000010
0.000010 0.000010 0.999960 0.000010 0.000010
0.000010 0.000010 0.999960 0.000010 0.000010
0.000010 0.000010 0.999960 0.000010 0.000010
0.725776 0.257542 0.016661 0.000010 0.000010
0.000010 0.000010 0.000010 0.004052 0.995918
0.772673 0.000010 0.227297 0.000010 0.000010
0.000010 0.000010 0.000010 0.017714 0.982256
0.000010 0.030681 0.000010 0.794551 0.174748
0.000010 0.000010 0.000544 0.848586 0.150850
0.005694 0.000010 0.000010 0.858558 0.135728
0.000010 0.000010 0.000010 0.000010 0.999960
0.000010 0.000010 0.000010 0.000010 0.999960
0.000010 0.000010 0.000010 0.000010 0.999960
0.000010 0.000010 0.000010 0.000010 0.999960
0.000010 0.000010 0.000010 0.000010 0.999960
0.000010 0.000010 0.000010 0.000010 0.999960
0.000010 0.000010 0.000010 0.000010 0.999960
0.000010 0.000010 0.000010 0.000010 0.999960
0.000010 0.000010 0.000010 0.000010 0.999960
0.000010 0.000010 0.000010 0.000010 0.999960
0.000010 0.000010 0.000010 0.000010 0.999960
0.000010 0.000010 0.000010 0.000010 0.999960
0.000010 0.000010 0.000010 0.000010 0.999960
0.000010 0.000010 0.000010 0.000010 0.999960
0.811873 0.000010 0.188097 0.000010 0.000010
0.787566 0.000010 0.212404 0.000010 0.000010
0.787800 0.000010 0.212170 0.000010 0.000010
0.709829 0.000010 0.290141 0.000010 0.000010
0.311861 0.000010 0.688109 0.000010 0.000010
0.904259 0.000010 0.095711 0.000010 0.000010
0.925464 0.000010 0.074506 0.000010 0.000010
0.927253 0.000010 0.072717 0.000010 0.000010
0.725446 0.274524 0.000010 0.000010 0.000010
0.706123 0.293847 0.000010 0.000010 0.000010
0.679739 0.295101 0.000010 0.025140 0.000010
0.606652 0.367266 0.026063 0.000010 0.000010
0.929565 0.067396 0.003019 0.000010 0.000010
0.181264 0.000010 0.818706 0.000010 0.000010
0.211813 0.000010 0.788157 0.000010 0.000010
0.223170 0.000010 0.776800 0.000010 0.000010
0.221254 0.000010 0.778716 0.000010 0.000010
0.195809 0.000010 0.804161 0.000010 0.000010
0.184230 0.000010 0.815740 0.000010 0.000010
0.207027 0.000010 0.792943 0.000010 0.000010
0.184182 0.000010 0.815788 0.000010 0.000010
0.187299 0.000010 0.812671 0.000010 0.000010
0.205770 0.000010 0.794200 0.000010 0.000010
0.202119 0.000020 0.797841 0.000010 0.000010
0.211686 0.000010 0.788284 0.000010 0.000010
0.369427 0.568629 0.000010 0.061924 0.000010
0.351621 0.597231 0.000010 0.051127 0.000010
0.366062 0.604339 0.000010 0.029579 0.000010
0.389253 0.529782 0.000010 0.080946 0.000010
0.217603 0.000010 0.782367 0.000010 0.000010
0.743561 0.233584 0.022835 0.000010 0.000010
0.421806 0.533785 0.002252 0.042147 0.000010
0.356970 0.641179 0.001831 0.000010 0.000010
0.451149 0.543231 0.005592 0.000019 0.000010
0.187124 0.000010 0.812846 0.000010 0.000010
0.197551 0.000010 0.802419 0.000010 0.000010
0.674155 0.303367 0.022457 0.000010 0.000010
0.712786 0.278905 0.008289 0.000010 0.000010
0.228124 0.000010 0.771846 0.000010 0.000010
0.416360 0.583610 0.000010 0.000010 0.000010
0.502041 0.457057 0.000010 0.040881 0.000010
0.718691 0.264102 0.017187 0.000010 0.000010
0.406362 0.544652 0.000010 0.048967 0.000010
0.280174 0.639993 0.000010 0.079813 0.000010
0.765555 0.234415 0.000010 0.000010 0.000010
0.783891 0.208072 0.008012 0.000015 0.000010
0.397887 0.602083 0.000010 0.000010 0.000010
0.320567 0.679403 0.000010 0.000010 0.000010
0.417939 0.521474 0.012213 0.048363 0.000010
0.425347 0.518439 0.000010 0.056194 0.000010
0.410142 0.573181 0.016657 0.000010 0.000010
0.474586 0.397017 0.000010 0.128376 0.000010
0.644640 0.299267 0.028773 0.027310 0.000010
0.678826 0.295534 0.025620 0.000010 0.000010
0.728053 0.262955 0.008973 0.000010 0.000010
0.251733 0.739738 0.008508 0.000010 0.000010
0.140484 0.833767 0.025730 0.000010 0.000010
0.724022 0.253365 0.022593 0.000010 0.000010
0.705650 0.294320 0.000010 0.000010 0.000010
0.614454 0.385516 0.000010 0.000010 0.000010
0.728301 0.271669 0.000010 0.000010 0.000010
0.700529 0.299441 0.000010 0.000010 0.000010
0.014545 0.000010 0.985425 0.000010 0.000010
0.044754 0.000010 0.955216 0.000010 0.000010
0.083855 0.000010 0.916115 0.000010 0.000010
0.073024 0.000010 0.926946 0.000010 0.000010
0.043615 0.000010 0.956355 0.000010 0.000010
0.078564 0.000010 0.921406 0.000010 0.000010
0.058115 0.000010 0.941855 0.000010 0.000010
0.045215 0.000010 0.954755 0.000010 0.000010
0.048168 0.000010 0.951802 0.000010 0.000010
0.667680 0.332290 0.000010 0.000010 0.000010
0.669414 0.305994 0.024573 0.000010 0.000010
0.770923 0.227412 0.001646 0.000010 0.000010
0.737563 0.262407 0.000010 0.000010 0.000010
0.680426 0.319544 0.000010 0.000010 0.000010
0.758769 0.241201 0.000010 0.000010 0.000010
0.691369 0.288611 0.020000 0.000010 0.000010
0.697748 0.276197 0.026032 0.000013 0.000010
0.738005 0.259642 0.002332 0.000010 0.000010
0.698731 0.281972 0.019277 0.000010 0.000010
0.000010 0.999960 0.000010 0.000010 0.000010
0.658605 0.306997 0.034379 0.000010 0.000010
0.756611 0.231695 0.011674 0.000010 0.000010
0.000010 0.999960 0.000010 0.000010 0.000010
0.390290 0.561508 0.000010 0.048183 0.000010
0.159889 0.000010 0.840081 0.000010 0.000010
0.209062 0.000010 0.790908 0.000010 0.000010
0.216827 0.000010 0.783143 0.000010 0.000010
0.200651 0.000011 0.799318 0.000010 0.000010
0.195033 0.000010 0.804937 0.000010 0.000010
0.214986 0.000010 0.784984 0.000010 0.000010
0.199238 0.000010 0.800732 0.000010 0.000010
0.189849 0.000010 0.810121 0.000010 0.000010
0.000010 0.000010 0.000010 0.945462 0.054508
0.035879 0.000010 0.017813 0.877925 0.068373
0.000010 0.016128 0.000010 0.913028 0.070824
0.019619 0.005112 0.004544 0.847714 0.123011
0.693294 0.272172 0.034514 0.000010 0.000010
0.273166 0.726804 0.000010 0.000010 0.000010
0.000010 0.015884 0.000010 0.919419 0.064677
0.000010 0.000010 0.000010 0.954208 0.045762
0.020369 0.000010 0.000010 0.930375 0.049236
0.000010 0.009540 0.000010 0.925588 0.064851
0.000010 0.000010 0.000010 0.952524 0.047446
0.000010 0.000010 0.001347 0.948431 0.050202
0.221818 0.000010 0.778152 0.000010 0.000010
0.000010 0.038352 0.000010 0.904715 0.056913
0.000010 0.000010 0.000010 0.938011 0.061959
0.000010 0.000010 0.000010 0.000010 0.999960
0.000010 0.000010 0.000010 0.000010 0.999960
0.000010 0.000010 0.000010 0.000010 0.999960
0.000010 0.000010 0.000010 0.000010 0.999960
0.000010 0.000010 0.000010 0.000010 0.999960
0.229634 0.734438 0.035907 0.000010 0.000010
0.311419 0.633428 0.014682 0.040461 0.000010
0.332284 0.648001 0.000010 0.019695 0.000010
0.743032 0.254532 0.002416 0.000010 0.000010
0.254806 0.721065 0.000010 0.024109 0.000010
0.789170 0.195080 0.015729 0.000010 0.000010
0.000010 0.000010 0.999960 0.000010 0.000010
0.000010 0.000010 0.999960 0.000010 0.000010
0.000010 0.000010 0.999960 0.000010 0.000010
0.000010 0.000010 0.999960 0.000010 0.000010
0.000010 0.000010 0.999960 0.000010 0.000010
0.000010 0.000010 0.000010 0.086116 0.913854
0.226191 0.000010 0.773779 0.000010 0.000010
0.000010 0.000010 0.000010 0.089923 0.910047
0.000010 0.000010 0.000010 0.079401 0.920569
0.000010 0.000010 0.000010 0.209312 0.790658
0.000010 0.000010 0.000010 0.172366 0.827604
0.034099 0.000010 0.005286 0.184020 0.776585
0.000010 0.015549 0.000010 0.182132 0.802298
0.000010 0.000010 0.000010 0.177631 0.822339
0.000010 0.000010 0.000010 0.225471 0.774499
0.000010 0.000010 0.000010 0.138403 0.861567
0.000010 0.000010 0.000010 0.161016 0.838954
0.000010 0.050842 0.000010 0.026665 0.922473
0.000010 0.035046 0.000010 0.120185 0.844748
0.000010 0.035101 0.000010 0.248314 0.716565
0.000010 0.000010 0.000010 0.155857 0.844113
0.000010 0.000010 0.011467 0.895495 0.093018
0.000010 0.000010 0.000010 0.899958 0.100012
0.000010 0.031779 0.007377 0.866264 0.094570
0.191534 0.000010 0.808436 0.000010 0.000010
0.000010 0.000010 0.019455 0.864831 0.115694
0.005218 0.033999 0.019010 0.843637 0.098137
0.014939 0.021562 0.001901 0.876726 0.084871
0.051055 0.009204 0.000010 0.839295 0.100436
0.000010 0.000010 0.000010 0.896576 0.103394
0.034262 0.055037 0.000010 0.827791 0.082901
0.000010 0.000010 0.000010 0.898946 0.101024
0.000010 0.039590 0.000010 0.863000 0.097390
0.000010 0.030194 0.000010 0.875297 0.094489
0.000010 0.003662 0.000010 0.902128 0.094190
0.034837 0.000010 0.000010 0.879359 0.085784
0.022357 0.004030 0.026040 0.843844 0.103729
0.000010 0.000010 0.000010 0.907275 0.092695
0.000010 0.047884 0.000010 0.868500 0.083596
0.013226 0.063366 0.000010 0.836224 0.087173
0.000010 0.000010 0.000010 0.922670 0.077300
0.000010 0.023049 0.000010 0.896015 0.080916
0.686302 0.313668 0.000010 0.000010 0.000010
0.000010 0.000010 0.000010 0.000010 0.999960
0.000010 0.000010 0.000010 0.000010 0.999960
