0.000010  0.000012  0.709434  0.290543
0.000010  0.000011  0.743524  0.256455
0.000008  0.000007  0.000007  0.999977
0.306790  0.000011  0.584217  0.108983
0.387393  0.000011  0.612586  0.000010
0.344999  0.000011  0.562889  0.092101
0.368620  0.000011  0.631359  0.000010
0.312364  0.000009  0.687616  0.000011
0.394696  0.000011  0.605284  0.000010
0.281822  0.000011  0.718157  0.000010
0.350822  0.000011  0.649157  0.000010
0.355460  0.000011  0.644520  0.000010
0.373748  0.000011  0.626231  0.000010
0.309555  0.000009  0.690424  0.000013
0.000009  0.000009  0.000009  0.999973
0.000008  0.000008  0.000008  0.999977
0.000007  0.000007  0.000007  0.999979
0.000007  0.000007  0.000007  0.999979
0.000008  0.000008  0.000008  0.999976
0.000007  0.000007  0.000007  0.999979
0.000010  0.000007  0.698510  0.301473
0.000010  0.000011  0.733251  0.266729
0.000011  0.000009  0.601044  0.398936
0.000012  0.000008  0.612631  0.387349
0.000010  0.000011  0.610994  0.388985
0.000009  0.000010  0.000007  0.999974
0.000010  0.000011  0.634072  0.365907
0.977735  0.022240  0.000013  0.000013
0.000007  0.000007  0.000007  0.999979
0.000010  0.000009  0.652777  0.347204
0.000010  0.000009  0.000010  0.999970
0.000007  0.000007  0.000007  0.999978
0.000012  0.999973  0.000007  0.000007
0.000013  0.999967  0.000007  0.000013
0.000013  0.999968  0.000007  0.000013
0.000013  0.999973  0.000007  0.000007
0.000012  0.999973  0.000007  0.000007
0.000012  0.999968  0.000007  0.000012
0.000012  0.999972  0.000007  0.000008
0.000015  0.999961  0.000009  0.000015
0.000011  0.999970  0.000007  0.000011
0.000013  0.999970  0.000007  0.000010
0.000012  0.999968  0.000007  0.000012
0.000010  0.000012  0.561886  0.438092
0.000010  0.000009  0.634340  0.365641
0.000010  0.000012  0.000010  0.999968
0.000007  0.000007  0.000007  0.999979
0.000007  0.000007  0.000007  0.999979
0.000007  0.000007  0.000007  0.999979
0.000007  0.000007  0.000007  0.999979
0.000007  0.000007  0.000007  0.999979
0.000012  0.000013  0.557090  0.442885
0.000010  0.000007  0.545154  0.454829
0.000007  0.000007  0.000007  0.999979
0.000007  0.000007  0.000007  0.999979
0.000007  0.000007  0.000007  0.999979
0.000010  0.000011  0.000009  0.999970
0.000007  0.000007  0.000007  0.999979
0.000007  0.000013  0.000007  0.999973
0.000007  0.000007  0.000007  0.999979
0.000008  0.000013  0.000007  0.999973
0.000008  0.000007  0.000007  0.999978
0.000007  0.000007  0.000007  0.999978
0.886863  0.113121  0.000008  0.000008
0.884326  0.115656  0.000010  0.000009
0.905949  0.094035  0.000007  0.000008
0.895048  0.104936  0.000008  0.000008
0.891901  0.108083  0.000007  0.000008
0.896582  0.103397  0.000011  0.000010
0.902385  0.097597  0.000009  0.000008
0.000007  0.000007  0.000007  0.999978
0.000007  0.000007  0.000007  0.999979
0.000007  0.000007  0.000009  0.999977
0.000007  0.000007  0.000007  0.999979
0.000007  0.000007  0.000007  0.999979
0.000007  0.000007  0.000007  0.999979
0.428237  0.000011  0.571743  0.000010
0.351502  0.000012  0.648479  0.000008
0.367226  0.000011  0.632753  0.000010
0.349040  0.000011  0.650939  0.000010
0.422187  0.000011  0.577792  0.000010
0.370961  0.000011  0.629018  0.000010
0.365529  0.000011  0.634450  0.000010
0.000010  0.000011  0.681097  0.318882
0.000010  0.000011  0.649816  0.350163
0.000010  0.000011  0.631700  0.368279
0.000010  0.000008  0.631649  0.368332
0.000010  0.000011  0.634410  0.365569
0.000010  0.000011  0.631663  0.368315
0.000010  0.000010  0.641619  0.358362
0.000010  0.000011  0.597682  0.402297
0.930497  0.069488  0.000007  0.000008
0.935524  0.064458  0.000009  0.000009
0.943487  0.056497  0.000007  0.000008
0.919748  0.080233  0.000010  0.000009
0.946201  0.053783  0.000007  0.000008
0.940944  0.059041  0.000007  0.000008
0.964398  0.035583  0.000010  0.000009
0.000012  0.000013  0.723512  0.276463
0.000012  0.000009  0.688957  0.311022
0.502575  0.000007  0.497408  0.000009
0.533297  0.000008  0.390048  0.076647
0.484306  0.000007  0.515677  0.000010
0.576450  0.000007  0.423534  0.000010
0.527759  0.000007  0.426613  0.045620
0.521029  0.000007  0.399332  0.079632
0.474288  0.000007  0.525695  0.000010
0.546041  0.000007  0.453942  0.000010
0.000010  0.000007  0.999976  0.000007
0.000010  0.000007  0.999976  0.000007
0.000010  0.000007  0.999976  0.000007
0.000010  0.000012  0.538454  0.461525
0.000010  0.000011  0.600068  0.399910
0.000010  0.000007  0.999976  0.000007
0.000010  0.000008  0.699390  0.300591
0.000010  0.000011  0.732834  0.267145
0.506028  0.000007  0.493956  0.000010
0.000010  0.000011  0.709711  0.290267
0.000010  0.000007  0.702491  0.297492
0.000010  0.000013  0.000007  0.999970
0.000007  0.000007  0.000007  0.999979
0.000007  0.000007  0.000007  0.999979
0.000007  0.000007  0.000007  0.999979
0.000007  0.000007  0.000007  0.999979
0.000007  0.000007  0.000007  0.999978
0.000007  0.000007  0.000007  0.999979
0.000011  0.000012  0.000011  0.999965
0.000007  0.000007  0.000007  0.999979
0.000007  0.000007  0.000007  0.999979
0.000008  0.000008  0.000008  0.999977
0.000011  0.000009  0.000010  0.999970
0.000007  0.000007  0.000007  0.999979
0.000008  0.000007  0.000007  0.999978
0.000007  0.000007  0.000007  0.999979
0.000007  0.000007  0.000007  0.999979
0.000011  0.000013  0.000008  0.999969
0.000010  0.000012  0.500756  0.499223
0.000013  0.000013  0.445832  0.554141
0.000010  0.000012  0.476961  0.523018
0.000011  0.000007  0.434552  0.565431
0.000010  0.000011  0.517339  0.482640
0.000010  0.000012  0.489686  0.510292
0.000010  0.000012  0.466265  0.533713
0.000010  0.000008  0.466768  0.533214
0.000010  0.000012  0.490170  0.509809
0.000010  0.000011  0.689919  0.310060
0.000010  0.000008  0.655542  0.344440
0.000010  0.000007  0.999976  0.000007
0.005200  0.000010  0.634814  0.359975
0.000010  0.000007  0.999976  0.000007
0.000011  0.000012  0.619911  0.380066
0.000010  0.000008  0.465713  0.534269
0.000007  0.000007  0.000007  0.999979
0.000007  0.000007  0.000007  0.999979
0.000010  0.000011  0.494957  0.505021
0.000010  0.000011  0.509142  0.490836
0.313197  0.000010  0.686784  0.000010
0.365483  0.000011  0.634496  0.000010
0.356976  0.000010  0.643004  0.000010
0.337489  0.000011  0.662490  0.000010
0.360971  0.000011  0.639008  0.000010
0.375139  0.000011  0.624841  0.000010
0.334523  0.000008  0.665459  0.000010
0.380461  0.000010  0.619519  0.000010
0.000010  0.000011  0.999970  0.000010
0.301021  0.000008  0.698961  0.000010
0.357417  0.000010  0.642564  0.000010
0.000007  0.000007  0.000007  0.999979
0.000007  0.000007  0.000007  0.999979
0.000007  0.000007  0.000007  0.999979
0.000007  0.000007  0.000007  0.999979
0.000007  0.000007  0.000007  0.999979
0.000007  0.000007  0.000007  0.999979
0.128595  0.000011  0.623875  0.247518
0.000010  0.000011  0.749786  0.250193
0.000010  0.000011  0.743659  0.256320
0.000010  0.000007  0.999976  0.000007
0.000009  0.000011  0.000010  0.999970
0.947094  0.052886  0.000010  0.000009
0.938958  0.061024  0.000010  0.000008
0.946317  0.053666  0.000007  0.000009
0.939617  0.060367  0.000008  0.000008
0.950904  0.049078  0.000010  0.000009
0.950502  0.049479  0.000009  0.000010
0.977577  0.022407  0.000007  0.000008
0.943642  0.056342  0.000008  0.000008
0.949839  0.050144  0.000008  0.000009
0.965878  0.034106  0.000007  0.000008
0.958734  0.041249  0.000008  0.000009
0.945236  0.054746  0.000009  0.000009
0.957121  0.042861  0.000010  0.000009
0.949199  0.050782  0.000009  0.000009
0.941675  0.058307  0.000010  0.000008
0.315536  0.000011  0.565847  0.118607
0.400687  0.000011  0.599292  0.000010
0.000010  0.000010  0.639529  0.360451
0.000010  0.000007  0.999976  0.000007
0.999977  0.000007  0.000007  0.000009
0.999977  0.000007  0.000007  0.000009
0.949843  0.050138  0.000009  0.000009
0.940792  0.059189  0.000010  0.000009
0.951123  0.048859  0.000009  0.000009
0.935712  0.064272  0.000007  0.000008
0.999972  0.000012  0.000007  0.000009
0.999976  0.000007  0.000007  0.000010
0.999977  0.000007  0.000007  0.000009
0.954212  0.045770  0.000010  0.000008
0.999972  0.000012  0.000007  0.000009
0.928879  0.071105  0.000008  0.000008
0.914276  0.085705  0.000009  0.000009
0.933041  0.066941  0.000009  0.000009
0.908559  0.091426  0.000007  0.000008
0.901854  0.098127  0.000010  0.000009
0.922114  0.077870  0.000007  0.000009
0.923107  0.076876  0.000008  0.000008
0.912971  0.087010  0.000010  0.000008
0.933064  0.066919  0.000009  0.000009
0.925283  0.074701  0.000007  0.000009
0.920318  0.079666  0.000007  0.000009
0.925369  0.074615  0.000008  0.000009
0.945009  0.054973  0.000009  0.000009
0.932947  0.067036  0.000008  0.000009
0.922962  0.077020  0.000009  0.000009
0.909670  0.090313  0.000008  0.000009
0.950905  0.049075  0.000010  0.000010
0.929561  0.070422  0.000008  0.000008
0.941927  0.058055  0.000010  0.000009
0.940824  0.059158  0.000009  0.000009
0.999978  0.000007  0.000007  0.000008
0.999977  0.000007  0.000007  0.000008
0.999977  0.000007  0.000007  0.000009
0.000012  0.999969  0.000007  0.000012
0.000010  0.000011  0.522961  0.477017
0.000013  0.999965  0.000008  0.000014
0.000012  0.999968  0.000007  0.000012
0.000012  0.999968  0.000007  0.000012
0.000012  0.999969  0.000007  0.000012
0.000012  0.999969  0.000007  0.000012
0.000012  0.999969  0.000007  0.000012
0.000012  0.999968  0.000007  0.000012
0.000010  0.999971  0.000007  0.000011
0.000012  0.999969  0.000007  0.000012
0.000012  0.999968  0.000007  0.000013
0.000010  0.000012  0.470374  0.529604
0.000012  0.999969  0.000007  0.000012
0.000011  0.999970  0.000007  0.000012
0.000012  0.999969  0.000007  0.000012
0.000011  0.999970  0.000007  0.000012
0.000012  0.999969  0.000007  0.000012
0.000012  0.999969  0.000007  0.000012
0.000012  0.999969  0.000007  0.000012
0.916485  0.083499  0.000008  0.000009
0.897169  0.102815  0.000008  0.000008
0.958806  0.041177  0.000009  0.000009
0.951670  0.048311  0.000010  0.000009
0.959492  0.040491  0.000009  0.000008
0.946257  0.053726  0.000008  0.000009
0.959252  0.040731  0.000007  0.000009
0.971428  0.028553  0.000010  0.000009
0.961530  0.038454  0.000007  0.000009
0.944354  0.055628  0.000009  0.000009
0.946114  0.053868  0.000009  0.000009
0.947356  0.052629  0.000007  0.000008
0.944737  0.055247  0.000007  0.000009
0.959108  0.040874  0.000009  0.000008
0.980740  0.019242  0.000010  0.000008
0.960882  0.039102  0.000008  0.000008
0.999974  0.000007  0.000010  0.000009
0.983601  0.016382  0.000007  0.000009
0.999976  0.000009  0.000007  0.000008
0.972823  0.027162  0.000007  0.000009
0.999975  0.000007  0.000009  0.000009
0.954301  0.045682  0.000009  0.000008
0.000010  0.000011  0.514959  0.485020
0.000010  0.000007  0.655758  0.344225
0.000010  0.000010  0.611247  0.388733
0.000010  0.000008  0.633394  0.366588
0.000010  0.000007  0.698101  0.301882
0.934027  0.065955  0.000009  0.000009
0.923153  0.076830  0.000009  0.000009
0.905393  0.094589  0.000009  0.000009
0.914344  0.085641  0.000007  0.000008
0.930927  0.069055  0.000009  0.000009
0.925074  0.074908  0.000009  0.000009
0.000010  0.000011  0.729612  0.270367
0.000012  0.000013  0.546592  0.453383
0.926090  0.073894  0.000007  0.000009
0.925214  0.074770  0.000008  0.000008
0.932051  0.067934  0.000007  0.000008
0.938752  0.061232  0.000007  0.000009
0.931775  0.068209  0.000007  0.000009
0.937121  0.062862  0.000009  0.000008
0.999977  0.000007  0.000007  0.000009
0.000012  0.999969  0.000007  0.000012
0.000012  0.999968  0.000007  0.000012
0.000012  0.999969  0.000007  0.000012
0.000012  0.999969  0.000007  0.000012
0.000012  0.999969  0.000007  0.000012
0.999977  0.000007  0.000007  0.000009
0.999977  0.000007  0.000007  0.000009
0.999977  0.000007  0.000007  0.000009
0.999972  0.000012  0.000007  0.000009
0.999977  0.000007  0.000007  0.000009
0.999972  0.000013  0.000007  0.000008
0.999976  0.000009  0.000007  0.000009
0.000010  0.000010  0.460068  0.539912
0.999975  0.000010  0.000007  0.000008
0.999973  0.000011  0.000007  0.000009
0.999972  0.000012  0.000007  0.000008
0.999969  0.000013  0.000007  0.000010
0.999978  0.000007  0.000007  0.000008
0.999973  0.000011  0.000007  0.000008
0.292312  0.707672  0.000007  0.000009
0.266875  0.688812  0.044305  0.000008
0.999972  0.000011  0.000007  0.000009
0.999978  0.000007  0.000007  0.000008
0.999977  0.000007  0.000007  0.000009
0.987607  0.012376  0.000008  0.000009
0.999977  0.000007  0.000007  0.000009
0.999977  0.000008  0.000007  0.000009
0.999977  0.000007  0.000007  0.000009
0.999978  0.000007  0.000007  0.000008
0.999971  0.000012  0.000007  0.000010
0.999977  0.000007  0.000007  0.000009
0.999977  0.000007  0.000007  0.000009
0.999977  0.000007  0.000007  0.000009
0.000010  0.000012  0.469534  0.530444
0.961428  0.038556  0.000008  0.000008
0.976001  0.023983  0.000007  0.000008
0.999975  0.000009  0.000007  0.000009
0.999975  0.000009  0.000007  0.000009
0.999974  0.000009  0.000008  0.000009
0.999975  0.000009  0.000007  0.000009
0.999974  0.000009  0.000008  0.000009
0.999976  0.000009  0.000007  0.000008
0.999974  0.000009  0.000008  0.000009
0.969357  0.030627  0.000007  0.000009
0.999977  0.000007  0.000007  0.000009
0.999975  0.000009  0.000008  0.000008
0.999975  0.000010  0.000007  0.000008
0.989529  0.010456  0.000007  0.000008
0.931393  0.068590  0.000009  0.000008
0.955799  0.044183  0.000009  0.000008
0.909810  0.090174  0.000008  0.000009
0.904425  0.095557  0.000009  0.000009
0.901525  0.098459  0.000007  0.000008
0.908397  0.091584  0.000010  0.000009
0.999974  0.000008  0.000010  0.000008
0.959904  0.040081  0.000007  0.000008
0.920311  0.079673  0.000007  0.000008
0.916622  0.083362  0.000008  0.000008
0.999977  0.000007  0.000007  0.000009
0.964676  0.035309  0.000007  0.000009
0.999975  0.000009  0.000007  0.000009
0.907181  0.092804  0.000007  0.000008
0.929768  0.070213  0.000009  0.000009
0.923474  0.076507  0.000010  0.000009
0.918327  0.081653  0.000010  0.000009
0.909664  0.090320  0.000008  0.000008
0.927964  0.072019  0.000008  0.000008
0.927502  0.072480  0.000010  0.000008
0.915444  0.084537  0.000010  0.000009
0.951062  0.048922  0.000007  0.000009
0.000009  0.000012  0.000007  0.999972
0.000010  0.000007  0.999976  0.000007
0.000010  0.000012  0.000007  0.999970
0.000010  0.000007  0.760553  0.239429
0.000010  0.000007  0.477869  0.522113
0.000010  0.000012  0.000007  0.999971
0.000009  0.000012  0.000007  0.999972
0.000008  0.000012  0.000007  0.999972
0.000008  0.000012  0.000007  0.999972
0.000010  0.000012  0.000007  0.999971
0.232931  0.000007  0.767055  0.000007
0.000009  0.999973  0.000007  0.000010
0.000010  0.000012  0.462197  0.537781
0.000009  0.999974  0.000007  0.000010
0.846664  0.153318  0.000010  0.000009
0.872221  0.127762  0.000008  0.000008
0.888011  0.111972  0.000009  0.000008
0.000012  0.999973  0.000007  0.000007
0.000012  0.999968  0.000007  0.000012
0.000012  0.999968  0.000007  0.000012
0.000012  0.999968  0.000007  0.000013
0.000012  0.999968  0.000007  0.000012
0.000012  0.999969  0.000007  0.000012
0.000012  0.999968  0.000007  0.000012
0.000012  0.999969  0.000007  0.000012
0.000012  0.999968  0.000007  0.000012
0.000012  0.999973  0.000007  0.000007
0.000011  0.999971  0.000007  0.000011
0.000012  0.999969  0.000007  0.000012
0.000013  0.999966  0.000008  0.000013
0.000013  0.999963  0.000009  0.000014
0.000010  0.000011  0.512718  0.487261
0.000010  0.000012  0.470291  0.529687
0.000010  0.000011  0.464067  0.535912
0.000010  0.000007  0.414187  0.585796
0.000007  0.000007  0.000007  0.999979
0.000011  0.000012  0.585797  0.414180
0.000010  0.000011  0.606167  0.393812
0.000012  0.000013  0.613557  0.386418
0.000012  0.000009  0.999970  0.000009
0.095716  0.000011  0.684297  0.219976
0.252269  0.000007  0.747717  0.000007
0.322220  0.000007  0.677766  0.000007
0.000011  0.000013  0.704449  0.295527
0.000010  0.000011  0.000010  0.999969
0.000013  0.000011  0.000012  0.999964
0.000010  0.000008  0.000008  0.999975
0.000011  0.000012  0.000008  0.999968
0.000009  0.000012  0.000007  0.999972
0.000009  0.000012  0.000007  0.999973
0.000010  0.000009  0.000010  0.999972
0.000010  0.000012  0.000007  0.999972
0.000010  0.000008  0.000010  0.999972
0.000009  0.000010  0.000010  0.999971
0.000010  0.000011  0.000010  0.999969
0.000011  0.000012  0.000011  0.999966
0.356431  0.000011  0.643548  0.000010
0.402448  0.000011  0.597532  0.000010
0.378514  0.000013  0.621462  0.000011
0.359770  0.000011  0.640209  0.000010
0.000011  0.000012  0.000008  0.999969
0.000010  0.000007  0.999976  0.000007
0.351121  0.000010  0.648859  0.000011
0.347020  0.000008  0.652963  0.000010
0.272715  0.000011  0.577462  0.149812
0.000011  0.000012  0.000011  0.999967
0.000010  0.000011  0.000010  0.999969
0.000010  0.000011  0.741146  0.258833
0.000011  0.000008  0.999972  0.000008
0.000009  0.000011  0.000010  0.999970
0.321848  0.000011  0.678131  0.000010
0.358200  0.000009  0.641780  0.000011
0.000010  0.000007  0.999976  0.000007
0.361924  0.000011  0.638055  0.000010
0.412981  0.000010  0.586999  0.000010
0.000010  0.000012  0.747380  0.252598
0.000010  0.000009  0.716007  0.283973
0.000010  0.000011  0.999972  0.000007
0.345557  0.000011  0.654422  0.000010
0.294426  0.000011  0.545526  0.160037
0.401472  0.000011  0.598507  0.000010
0.345925  0.000011  0.654057  0.000007
0.370847  0.000011  0.629132  0.000010
0.285457  0.000011  0.714525  0.000007
0.253522  0.000007  0.746464  0.000007
0.000010  0.000007  0.738765  0.261219
0.350213  0.000013  0.649762  0.000012
0.302257  0.000012  0.593842  0.103889
0.218149  0.000008  0.781836  0.000008
0.186895  0.000010  0.626825  0.186270
0.323263  0.000012  0.676718  0.000007
0.272161  0.000009  0.727822  0.000009
0.000010  0.000011  0.748235  0.251744
0.000010  0.000009  0.000007  0.999975
0.000010  0.000011  0.000007  0.999972
0.000010  0.000012  0.000007  0.999972
0.000010  0.000011  0.000007  0.999971
0.000010  0.000011  0.000007  0.999972
0.000010  0.000011  0.000007  0.999972
0.000011  0.000011  0.000007  0.999971
0.000010  0.000012  0.000007  0.999971
0.000009  0.000011  0.000007  0.999973
0.233745  0.000008  0.766239  0.000008
0.218850  0.000007  0.781136  0.000007
0.000010  0.000007  0.999976  0.000007
0.000010  0.000011  0.755210  0.244768
0.000010  0.000007  0.999976  0.000007
0.000010  0.000007  0.999976  0.000007
0.000010  0.000007  0.999975  0.000007
0.000010  0.000007  0.718320  0.281663
0.000010  0.000007  0.999976  0.000007
0.000010  0.000011  0.740464  0.259515
0.334485  0.000011  0.665494  0.000010
0.000010  0.000008  0.999975  0.000007
0.000010  0.000008  0.739776  0.260206
0.388529  0.000012  0.611449  0.000011
0.340467  0.000012  0.548330  0.111191
0.000010  0.000010  0.000010  0.999970
0.000009  0.000010  0.000007  0.999973
0.000009  0.000010  0.000007  0.999974
0.000009  0.000010  0.000007  0.999973
0.000009  0.000011  0.000007  0.999973
0.000009  0.000010  0.000010  0.999971
0.000010  0.000011  0.000007  0.999972
0.000010  0.000011  0.000010  0.999970
0.971646  0.028338  0.000008  0.000009
0.952598  0.047385  0.000008  0.000009
0.954039  0.045944  0.000009  0.000008
0.900059  0.099923  0.000009  0.000009
0.000010  0.000007  0.999976  0.000007
0.300004  0.000012  0.699973  0.000011
0.959821  0.040161  0.000008  0.000010
0.999975  0.000008  0.000008  0.000009
0.978620  0.021361  0.000009  0.000009
0.958383  0.041600  0.000009  0.000008
0.975533  0.024451  0.000008  0.000009
0.974170  0.025814  0.000007  0.000009
0.000010  0.000010  0.000010  0.999971
0.965662  0.034322  0.000008  0.000009
0.962518  0.037466  0.000008  0.000008
0.000012  0.999969  0.000007  0.000012
0.000012  0.999970  0.000007  0.000011
0.000012  0.999969  0.000007  0.000012
0.000012  0.999969  0.000007  0.000012
0.000012  0.999969  0.000007  0.000012
0.390839  0.000011  0.609140  0.000009
0.306022  0.000011  0.591166  0.102802
0.370993  0.000011  0.628987  0.000010
0.000010  0.000007  0.999976  0.000007
0.377718  0.000011  0.622261  0.000010
0.000011  0.000009  0.720348  0.279633
0.000007  0.000007  0.000007  0.999979
0.000007  0.000007  0.000007  0.999979
0.000007  0.000007  0.000007  0.999979
0.000007  0.000007  0.000007  0.999979
0.000007  0.000007  0.000007  0.999979
0.000008  0.999977  0.000007  0.000008
0.000010  0.000011  0.000010  0.999970
0.000008  0.999976  0.000008  0.000008
0.000010  0.999972  0.000009  0.000010
0.216869  0.783114  0.000008  0.000009
0.175564  0.824421  0.000007  0.000008
0.188441  0.769773  0.041777  0.000010
0.199887  0.800097  0.000008  0.000008
0.181333  0.818651  0.000007  0.000009
0.233046  0.766937  0.000009  0.000008
0.140693  0.859291  0.000007  0.000009
0.165926  0.834058  0.000007  0.000009
0.000008  0.999977  0.000008  0.000007
0.156335  0.843650  0.000008  0.000008
0.288239  0.711745  0.000008  0.000009
0.160518  0.839466  0.000007  0.000009
0.933909  0.066075  0.000008  0.000008
0.927054  0.072929  0.000008  0.000009
0.926882  0.073100  0.000009  0.000009
0.000011  0.000013  0.000011  0.999965
0.908053  0.091932  0.000007  0.000009
0.922451  0.077530  0.000010  0.000009
0.937720  0.062263  0.000008  0.000008
0.919853  0.080128  0.000010  0.000009
0.922169  0.077811  0.000010  0.000010
0.936527  0.063450  0.000012  0.000011
0.924361  0.075623  0.000007  0.000009
0.924894  0.075088  0.000009  0.000009
0.928847  0.071136  0.000009  0.000008
0.931610  0.068375  0.000007  0.000008
0.936940  0.063044  0.000008  0.000008
0.918537  0.081445  0.000009  0.000008
0.929994  0.069991  0.000007  0.000008
0.938525  0.061456  0.000010  0.000009
0.931613  0.068368  0.000010  0.000009
0.948355  0.051630  0.000007  0.000008
0.943114  0.056868  0.000009  0.000009
0.000012  0.000009  0.999971  0.000009
0.000012  0.999968  0.000007  0.000012
0.000012  0.999968  0.000007  0.000012
