0.135313  0.491039  0.000002  0.000002  0.000002  0.184994  0.010158  0.003910  0.133308  0.000002  0.000002  0.017453  0.000002  0.017535  0.006277  0.000002
0.160410  0.451161  0.003158  0.000002  0.016157  0.229835  0.017334  0.010236  0.086273  0.000002  0.000002  0.004522  0.000002  0.008778  0.012127  0.000002
0.000002  0.999972  0.000002  0.000002  0.000002  0.000002  0.000002  0.000002  0.000002  0.000002  0.000002  0.000002  0.000002  0.000002  0.000002  0.000002
0.182031  0.329870  0.001760  0.000002  0.016449  0.356845  0.011201  0.029279  0.034704  0.000002  0.000002  0.013995  0.001021  0.017097  0.005741  0.000002
0.099010  0.285964  0.000002  0.000002  0.002317  0.401150  0.010739  0.008441  0.107547  0.000002  0.000002  0.016837  0.045546  0.020812  0.001628  0.000002
0.133708  0.308141  0.000163  0.000002  0.009323  0.385930  0.006079  0.005462  0.086818  0.000002  0.000002  0.023672  0.003568  0.026424  0.010703  0.000002
0.151319  0.281999  0.000002  0.000002  0.007077  0.377908  0.003086  0.012796  0.135370  0.000002  0.000002  0.009525  0.001565  0.014050  0.005294  0.000002
0.115228  0.281221  0.000082  0.000002  0.005564  0.360385  0.004275  0.032803  0.054454  0.000002  0.000002  0.009089  0.080183  0.044107  0.012599  0.000002
0.141722  0.271225  0.000002  0.000002  0.002926  0.404373  0.011409  0.013778  0.100834  0.000002  0.000002  0.011542  0.004986  0.033393  0.003805  0.000002
0.227823  0.247521  0.000482  0.000002  0.010757  0.357014  0.011906  0.015863  0.044134  0.000002  0.000002  0.015074  0.039341  0.023121  0.006954  0.000002
0.111720  0.283730  0.002245  0.000002  0.013580  0.364324  0.008867  0.010720  0.166560  0.000002  0.000002  0.009199  0.001985  0.017796  0.009266  0.000002
0.086055  0.322158  0.000002  0.000002  0.012824  0.368905  0.005498  0.025274  0.129682  0.000002  0.000002  0.012810  0.006796  0.027491  0.002498  0.000002
0.152804  0.307391  0.002975  0.000002  0.010976  0.379684  0.010129  0.009610  0.092070  0.000002  0.000002  0.019682  0.000002  0.008111  0.006559  0.000002
0.140015  0.270209  0.000129  0.000002  0.000491  0.374650  0.000002  0.008046  0.050904  0.000002  0.000002  0.023405  0.087369  0.026031  0.018740  0.000002
0.000002  0.999967  0.000002  0.000002  0.000002  0.000002  0.000002  0.000002  0.000002  0.000002  0.000002  0.000002  0.000002  0.000002  0.000002  0.000002
0.000002  0.999971  0.000002  0.000002  0.000002  0.000002  0.000002  0.000002  0.000002  0.000002  0.000002  0.000002  0.000002  0.000002  0.000002  0.000002
0.000002  0.999974  0.000002  0.000002  0.000002  0.000002  0.000002  0.000002  0.000002  0.000002  0.000002  0.000002  0.000002  0.000002  0.000002  0.000002
0.000002  0.999974  0.000002  0.000002  0.000002  0.000002  0.000002  0.000002  0.000002  0.000002  0.000002  0.000002  0.000002  0.000002  0.000002  0.000002
0.000002  0.999970  0.000002  0.000002  0.000002  0.000002  0.000002  0.000002  0.000002  0.000002  0.000002  0.000002  0.000002  0.000002  0.000002  0.000002
0.000002  0.999974  0.000002  0.000002  0.000002  0.000002  0.000002  0.000002  0.000002  0.000002  0.000002  0.000002  0.000002  0.000002  0.000002  0.000002
0.137358  0.519379  0.000002  0.000002  0.000002  0.176130  0.019666  0.010150  0.083997  0.000002  0.000002  0.028071  0.000002  0.004116  0.021122  0.000002
0.184185  0.509380  0.000002  0.000002  0.006022  0.176201  0.011850  0.007899  0.073516  0.000002  0.000002  0.006671  0.000002  0.018730  0.005535  0.000002
0.108816  0.625962  0.001060  0.000002  0.014360  0.135025  0.008250  0.016499  0.060260  0.000002  0.000002  0.001025  0.000002  0.016981  0.011752  0.000002
0.078409  0.616295  0.000002  0.000002  0.000002  0.110501  0.000002  0.000002  0.187603  0.000002  0.000002  0.000002  0.000002  0.004098  0.003073  0.000002
0.168586  0.624388  0.000282  0.000002  0.007929  0.099194  0.013234  0.011293  0.038045  0.000002  0.000002  0.012279  0.000002  0.011553  0.013208  0.000002
0.000002  0.968685  0.000002  0.000002  0.000002  0.031290  0.000002  0.000002  0.000002  0.000002  0.000002  0.000002  0.000002  0.000002  0.000002  0.000002
0.137449  0.602299  0.000002  0.000002  0.007551  0.106101  0.006940  0.017741  0.093948  0.000002  0.000002  0.000002  0.001044  0.025105  0.001811  0.000002
0.008951  0.011743  0.000002  0.000002  0.000002  0.946663  0.000002  0.000002  0.021087  0.000002  0.000002  0.000002  0.002096  0.009437  0.000002  0.000002
0.000002  0.999974  0.000002  0.000002  0.000002  0.000002  0.000002  0.000002  0.000002  0.000002  0.000002  0.000002  0.000002  0.000002  0.000002  0.000002
0.105842  0.534664  0.000002  0.000002  0.010226  0.193055  0.017380  0.013817  0.069694  0.000002  0.000002  0.005933  0.000359  0.046316  0.002706  0.000002
0.000002  0.999312  0.000002  0.000002  0.000002  0.000663  0.000002  0.000002  0.000002  0.000002  0.000002  0.000002  0.000002  0.000002  0.000002  0.000002
0.000002  0.999973  0.000002  0.000002  0.000002  0.000002  0.000002  0.000002  0.000002  0.000002  0.000002  0.000002  0.000002  0.000002  0.000002  0.000002
0.000002  0.000002  0.000002  0.000002  0.000002  0.000002  0.000002  0.000002  0.000002  0.999973  0.000002  0.000002  0.000002  0.000002  0.000002  0.000002
0.000002  0.000002  0.000002  0.000002  0.000002  0.000002  0.000002  0.000002  0.000002  0.999973  0.000002  0.000002  0.000002  0.000002  0.000002  0.000002
0.000002  0.000002  0.000002  0.000002  0.000002  0.000002  0.000002  0.000002  0.000002  0.999973  0.000002  0.000002  0.000002  0.000002  0.000002  0.000002
0.000002  0.000002  0.000002  0.000002  0.000002  0.000002  0.000002  0.000002  0.000002  0.999973  0.000002  0.000002  0.000002  0.000002  0.000002  0.000002
0.000002  0.000002  0.000002  0.000002  0.000002  0.000002  0.000002  0.000002  0.000002  0.999973  0.000002  0.000002  0.000002  0.000002  0.000002  0.000002
0.000002  0.000002  0.000002  0.000002  0.000002  0.000002  0.000002  0.000002  0.000002  0.999973  0.000002  0.000002  0.000002  0.000002  0.000002  0.000002
0.000002  0.000002  0.000002  0.000002  0.000002  0.000002  0.000002  0.000002  0.000002  0.999973  0.000002  0.000002  0.000002  0.000002  0.000002  0.000002
0.000002  0.000002  0.000002  0.000002  0.000002  0.000002  0.000002  0.000002  0.000002  0.999967  0.000002  0.000002  0.000002  0.000002  0.000002  0.000002
0.000002  0.000002  0.000002  0.000002  0.000002  0.000002  0.000002  0.000002  0.000002  0.999973  0.000002  0.000002  0.000002  0.000002  0.000002  0.000002
0.000002  0.000002  0.000002  0.000002  0.000002  0.000002  0.000002  0.000002  0.000002  0.999973  0.000002  0.000002  0.000002  0.000002  0.000002  0.000002
0.000002  0.000002  0.000002  0.000002  0.000002  0.000002  0.000002  0.000002  0.000002  0.999972  0.000002  0.000002  0.000002  0.000002  0.000002  0.000002
0.115820  0.662746  0.000002  0.000002  0.010734  0.094713  0.010751  0.009015  0.064935  0.000002  0.000002  0.008816  0.000002  0.018840  0.003620  0.000002
0.111280  0.598702  0.000002  0.000002  0.014714  0.122931  0.019370  0.014528  0.071506  0.000002  0.000002  0.024120  0.001807  0.014485  0.006548  0.000002
0.000002  0.999974  0.000002  0.000002  0.000002  0.000002  0.000002  0.000002  0.000002  0.000002  0.000002  0.000002  0.000002  0.000002  0.000002  0.000002
0.000002  0.999974  0.000002  0.000002  0.000002  0.000002  0.000002  0.000002  0.000002  0.000002  0.000002  0.000002  0.000002  0.000002  0.000002  0.000002
0.000002  0.999974  0.000002  0.000002  0.000002  0.000002  0.000002  0.000002  0.000002  0.000002  0.000002  0.000002  0.000002  0.000002  0.000002  0.000002
0.000002  0.999974  0.000002  0.000002  0.000002  0.000002  0.000002  0.000002  0.000002  0.000002  0.000002  0.000002  0.000002  0.000002  0.000002  0.000002
0.000002  0.999974  0.000002  0.000002  0.000002  0.000002  0.000002  0.000002  0.000002  0.000002  0.000002  0.000002  0.000002  0.000002  0.000002  0.000002
0.000002  0.999974  0.000002  0.000002  0.000002  0.000002  0.000002  0.000002  0.000002  0.000002  0.000002  0.000002  0.000002  0.000002  0.000002  0.000002
0.089919  0.680260  0.001646  0.000002  0.005814  0.081446  0.022207  0.019674  0.046164  0.000002  0.000002  0.027453  0.000002  0.005271  0.020135  0.000002
0.115001  0.676860  0.000002  0.000002  0.013956  0.082456  0.006609  0.012349  0.053692  0.000002  0.000002  0.008297  0.000002  0.015411  0.015358  0.000002
0.000002  0.999974  0.000002  0.000002  0.000002  0.000002  0.000002  0.000002  0.000002  0.000002  0.000002  0.000002  0.000002  0.000002  0.000002  0.000002
0.000002  0.999974  0.000002  0.000002  0.000002  0.000002  0.000002  0.000002  0.000002  0.000002  0.000002  0.000002  0.000002  0.000002  0.000002  0.000002
0.000002  0.999974  0.000002  0.000002  0.000002  0.000002  0.000002  0.000002  0.000002  0.000002  0.000002  0.000002  0.000002  0.000002  0.000002  0.000002
0.000002  0.982915  0.000002  0.000002  0.000002  0.017058  0.000002  0.000002  0.000002  0.000002  0.000002  0.000002  0.000002  0.000002  0.000002  0.000002
0.000002  0.999974  0.000002  0.000002  0.000002  0.000002  0.000002  0.000002  0.000002  0.000002  0.000002  0.000002  0.000002  0.000002  0.000002  0.000002
0.000002  0.999974  0.000002  0.000002  0.000002  0.000002  0.000002  0.000002  0.000002  0.000002  0.000002  0.000002  0.000002  0.000002  0.000002  0.000002
0.000002  0.999974  0.000002  0.000002  0.000002  0.000002  0.000002  0.000002  0.000002  0.000002  0.000002  0.000002  0.000002  0.000002  0.000002  0.000002
0.000002  0.999974  0.000002  0.000002  0.000002  0.000002  0.000002  0.000002  0.000002  0.000002  0.000002  0.000002  0.000002  0.000002  0.000002  0.000002
0.000002  0.999974  0.000002  0.000002  0.000002  0.000002  0.000002  0.000002  0.000002  0.000002  0.000002  0.000002  0.000002  0.000002  0.000002  0.000002
0.000002  0.999974  0.000002  0.000002  0.000002  0.000002  0.000002  0.000002  0.000002  0.000002  0.000002  0.000002  0.000002  0.000002  0.000002  0.000002
0.000002  0.014087  0.000002  0.000002  0.000002  0.855836  0.000002  0.000002  0.000082  0.088873  0.000002  0.000002  0.040086  0.001017  0.000002  0.000002
0.000322  0.015517  0.000002  0.000002  0.000002  0.840008  0.000002  0.000002  0.000821  0.087962  0.000002  0.000002  0.054931  0.000423  0.000002  0.000002
0.001655  0.031908  0.000002  0.000002  0.000002  0.876488  0.000002  0.000002  0.008135  0.071973  0.000002  0.000002  0.006973  0.002853  0.000002  0.000002
0.004239  0.015814  0.000002  0.000002  0.000002  0.875649  0.000002  0.000002  0.001018  0.082974  0.000002  0.000002  0.017384  0.002908  0.000002  0.000002
0.000002  0.012517  0.000002  0.000002  0.000002  0.865434  0.000002  0.000002  0.000830  0.083380  0.000002  0.000002  0.037706  0.000115  0.000002  0.000002
0.000185  0.018989  0.000002  0.000002  0.000002  0.858664  0.000002  0.000002  0.004274  0.076509  0.000002  0.000002  0.039185  0.002174  0.000002  0.000002
0.001667  0.010627  0.000002  0.000002  0.000002  0.895283  0.000002  0.000002  0.010989  0.000002  0.000002  0.000002  0.075421  0.005994  0.000002  0.000002
0.000002  0.999972  0.000002  0.000002  0.000002  0.000002  0.000002  0.000002  0.000002  0.000002  0.000002  0.000002  0.000002  0.000002  0.000002  0.000002
0.000002  0.999974  0.000002  0.000002  0.000002  0.000002  0.000002  0.000002  0.000002  0.000002  0.000002  0.000002  0.000002  0.000002  0.000002  0.000002
0.017774  0.921337  0.000002  0.000002  0.000002  0.060865  0.000002  0.000002  0.000002  0.000002  0.000002  0.000002  0.000002  0.000002  0.000002  0.000002
0.000002  0.999973  0.000002  0.000002  0.000002  0.000002  0.000002  0.000002  0.000002  0.000002  0.000002  0.000002  0.000002  0.000002  0.000002  0.000002
0.000002  0.999974  0.000002  0.000002  0.000002  0.000002  0.000002  0.000002  0.000002  0.000002  0.000002  0.000002  0.000002  0.000002  0.000002  0.000002
0.000002  0.999974  0.000002  0.000002  0.000002  0.000002  0.000002  0.000002  0.000002  0.000002  0.000002  0.000002  0.000002  0.000002  0.000002  0.000002
0.101747  0.309446  0.000055  0.000002  0.007136  0.398275  0.005474  0.035245  0.079251  0.000002  0.000002  0.010483  0.006207  0.044577  0.002097  0.000002
0.051991  0.365977  0.000002  0.000002  0.011267  0.325219  0.003204  0.028612  0.111995  0.000002  0.000002  0.020315  0.019491  0.021960  0.039960  0.000002
0.055467  0.291218  0.000002  0.000002  0.002102  0.365222  0.006431  0.008745  0.237908  0.000002  0.000002  0.009634  0.003309  0.013574  0.006381  0.000002
0.094011  0.339944  0.000002  0.000002  0.006770  0.338004  0.010774  0.008657  0.155115  0.000002  0.000002  0.006650  0.003679  0.023866  0.012521  0.000002
0.115765  0.301250  0.000002  0.000002  0.000254  0.419271  0.010251  0.008407  0.118114  0.000002  0.000002  0.001244  0.000888  0.019074  0.005472  0.000002
0.150566  0.335216  0.000285  0.000002  0.003777  0.361749  0.007176  0.011041  0.065177  0.000002  0.000002  0.015990  0.002089  0.037373  0.009554  0.000002
0.056327  0.275149  0.000002  0.000002  0.000046  0.373096  0.004057  0.002054  0.266482  0.000002  0.000002  0.013857  0.000002  0.007949  0.000972  0.000002
0.123777  0.528091  0.000002  0.000002  0.002949  0.164809  0.012528  0.018635  0.084393  0.000002  0.000002  0.024417  0.004431  0.027397  0.008563  0.000002
0.154109  0.569897  0.000002  0.000002  0.007978  0.134728  0.017909  0.020847  0.051887  0.000002  0.000002  0.006606  0.000002  0.016280  0.019750  0.000002
0.179698  0.599696  0.000081  0.000002  0.011596  0.113960  0.012115  0.008444  0.036103  0.000002  0.000002  0.016361  0.001663  0.014831  0.005444  0.000002
0.133630  0.566816  0.000002  0.000002  0.003794  0.170062  0.012290  0.016492  0.064385  0.000002  0.000002  0.008325  0.003688  0.012401  0.008108  0.000002
0.161934  0.592937  0.000819  0.000002  0.001977  0.114079  0.010678  0.010734  0.063345  0.000002  0.000002  0.024167  0.000002  0.011894  0.007427  0.000002
0.153763  0.603044  0.000002  0.000002  0.002561  0.101687  0.003708  0.021565  0.060246  0.000002  0.000002  0.015814  0.006926  0.011341  0.019337  0.000002
0.171416  0.580153  0.000002  0.000002  0.006137  0.126671  0.005776  0.001044  0.074719  0.000002  0.000002  0.008797  0.000002  0.008830  0.016447  0.000002
0.150282  0.612850  0.000794  0.000002  0.008071  0.122375  0.003956  0.007956  0.048538  0.000002  0.000002  0.019811  0.000002  0.022694  0.002665  0.000002
0.001587  0.023206  0.000002  0.000002  0.000002  0.925555  0.000002  0.000016  0.007723  0.000002  0.000002  0.000002  0.032517  0.009380  0.000002  0.000002
0.008904  0.039917  0.000002  0.000002  0.000002  0.908018  0.000002  0.000370  0.009423  0.000002  0.000002  0.000002  0.024434  0.008919  0.000002  0.000002
0.001685  0.022999  0.000002  0.000002  0.000002  0.915330  0.000002  0.000002  0.011449  0.034264  0.000002  0.000002  0.010144  0.004113  0.000002  0.000002
0.002250  0.005596  0.000002  0.000002  0.000002  0.889738  0.000002  0.000002  0.012646  0.054218  0.000002  0.000002  0.030400  0.005136  0.000002  0.000002
0.000002  0.031343  0.000002  0.000002  0.000002  0.928752  0.000002  0.000002  0.001400  0.000002  0.000002  0.000002  0.036142  0.002343  0.000002  0.000002
0.002879  0.012108  0.000002  0.000002  0.000002  0.931316  0.000002  0.000002  0.003305  0.039741  0.000002  0.000002  0.005945  0.004691  0.000002  0.000002
0.001689  0.006475  0.000002  0.000002  0.000002  0.954762  0.000002  0.000002  0.002871  0.000002  0.000002  0.000002  0.028769  0.005417  0.000002  0.000002
0.218861  0.510862  0.000004  0.000002  0.009863  0.157770  0.023027  0.006478  0.046256  0.000002  0.000002  0.002901  0.000002  0.023967  0.000002  0.000002
0.151056  0.540329  0.000002  0.000002  0.000002  0.173826  0.007471  0.006529  0.100425  0.000002  0.000002  0.008323  0.000002  0.006220  0.005808  0.000002
0.079212  0.255346  0.000002  0.000002  0.009035  0.451664  0.002274  0.008315  0.137276  0.000002  0.000002  0.016088  0.006618  0.029173  0.004990  0.000002
0.083099  0.232193  0.000002  0.000002  0.000984  0.552473  0.006717  0.011962  0.052781  0.000002  0.000002  0.012948  0.031860  0.014974  0.000002  0.000002
0.051032  0.234531  0.000002  0.000002  0.003438  0.473314  0.018984  0.023690  0.120068  0.000002  0.000002  0.027273  0.001536  0.037601  0.008524  0.000002
0.072807  0.233057  0.000002  0.000002  0.003672  0.546539  0.008854  0.012699  0.068950  0.000002  0.000002  0.010401  0.009433  0.031971  0.001610  0.000002
0.058320  0.201366  0.000002  0.000002  0.001408  0.549916  0.007419  0.017286  0.094954  0.000002  0.000002  0.009589  0.026676  0.031344  0.001713  0.000002
0.059305  0.233027  0.000002  0.000002  0.001269  0.536548  0.000002  0.009052  0.090996  0.000002  0.000002  0.018378  0.018151  0.033261  0.000002  0.000002
0.105991  0.268651  0.000002  0.000002  0.004919  0.447066  0.004556  0.003479  0.079379  0.000002  0.000002  0.031642  0.013457  0.034230  0.006621  0.000002
0.083782  0.201037  0.000002  0.000002  0.003375  0.549213  0.002299  0.007899  0.102779  0.000002  0.000002  0.015721  0.003274  0.030611  0.000002  0.000002
0.096885  0.463993  0.000002  0.000002  0.001092  0.215726  0.012798  0.009625  0.143883  0.000002  0.000002  0.028299  0.000002  0.012717  0.014970  0.000002
0.073742  0.488383  0.002421  0.000002  0.006898  0.179163  0.012736  0.047781  0.135411  0.000002  0.000002  0.020247  0.007935  0.016416  0.008861  0.000002
0.143879  0.420891  0.001208  0.000002  0.011820  0.264618  0.018381  0.026843  0.059294  0.000002  0.000002  0.002805  0.002600  0.034294  0.013359  0.000002
0.140971  0.682017  0.000002  0.000002  0.000002  0.072628  0.003441  0.002109  0.050625  0.000002  0.000002  0.005387  0.000002  0.008985  0.033825  0.000002
0.059957  0.621185  0.000691  0.000002  0.007704  0.099175  0.003550  0.008935  0.159515  0.000002  0.000002  0.015465  0.000002  0.016684  0.007131  0.000002
0.210336  0.487657  0.001407  0.000002  0.005972  0.156781  0.015831  0.012505  0.053011  0.000002  0.000002  0.009758  0.000002  0.025047  0.021685  0.000002
0.159144  0.542747  0.000002  0.000002  0.002109  0.138460  0.015606  0.008590  0.090108  0.000002  0.000002  0.018692  0.000002  0.018886  0.005647  0.000002
0.148278  0.500795  0.000802  0.000002  0.007522  0.159323  0.006859  0.022811  0.091031  0.000002  0.000002  0.027300  0.003431  0.026240  0.005599  0.000002
0.126777  0.234808  0.000526  0.000002  0.004924  0.499390  0.012223  0.007093  0.048645  0.000002  0.000002  0.015453  0.009716  0.040436  0.000002  0.000002
0.157683  0.530947  0.000518  0.000002  0.006060  0.153543  0.006241  0.029506  0.029283  0.000002  0.000002  0.036952  0.000324  0.016534  0.032403  0.000002
0.099654  0.523145  0.000656  0.000002  0.006517  0.159741  0.017566  0.017767  0.096043  0.000002  0.000002  0.029187  0.000002  0.013370  0.036345  0.000002
0.000002  0.999973  0.000002  0.000002  0.000002  0.000002  0.000002  0.000002  0.000002  0.000002  0.000002  0.000002  0.000002  0.000002  0.000002  0.000002
0.000002  0.999974  0.000002  0.000002  0.000002  0.000002  0.000002  0.000002  0.000002  0.000002  0.000002  0.000002  0.000002  0.000002  0.000002  0.000002
0.000002  0.999974  0.000002  0.000002  0.000002  0.000002  0.000002  0.000002  0.000002  0.000002  0.000002  0.000002  0.000002  0.000002  0.000002  0.000002
0.000002  0.999973  0.000002  0.000002  0.000002  0.000002  0.000002  0.000002  0.000002  0.000002  0.000002  0.000002  0.000002  0.000002  0.000002  0.000002
0.000002  0.999974  0.000002  0.000002  0.000002  0.000002  0.000002  0.000002  0.000002  0.000002  0.000002  0.000002  0.000002  0.000002  0.000002  0.000002
0.000002  0.999972  0.000002  0.000002  0.000002  0.000002  0.000002  0.000002  0.000002  0.000002  0.000002  0.000002  0.000002  0.000002  0.000002  0.000002
0.000002  0.999974  0.000002  0.000002  0.000002  0.000002  0.000002  0.000002  0.000002  0.000002  0.000002  0.000002  0.000002  0.000002  0.000002  0.000002
0.000002  0.980113  0.000002  0.000002  0.000002  0.019859  0.000002  0.000002  0.000002  0.000002  0.000002  0.000002  0.000002  0.000002  0.000002  0.000002
0.000002  0.999974  0.000002  0.000002  0.000002  0.000002  0.000002  0.000002  0.000002  0.000002  0.000002  0.000002  0.000002  0.000002  0.000002  0.000002
0.000002  0.999974  0.000002  0.000002  0.000002  0.000002  0.000002  0.000002  0.000002  0.000002  0.000002  0.000002  0.000002  0.000002  0.000002  0.000002
0.000002  0.999972  0.000002  0.000002  0.000002  0.000002  0.000002  0.000002  0.000002  0.000002  0.000002  0.000002  0.000002  0.000002  0.000002  0.000002
0.000002  0.999970  0.000002  0.000002  0.000002  0.000002  0.000002  0.000002  0.000002  0.000002  0.000002  0.000002  0.000002  0.000002  0.000002  0.000002
0.000002  0.999974  0.000002  0.000002  0.000002  0.000002  0.000002  0.000002  0.000002  0.000002  0.000002  0.000002  0.000002  0.000002  0.000002  0.000002
0.000002  0.999974  0.000002  0.000002  0.000002  0.000002  0.000002  0.000002  0.000002  0.000002  0.000002  0.000002  0.000002  0.000002  0.000002  0.000002
0.000002  0.999974  0.000002  0.000002  0.000002  0.000002  0.000002  0.000002  0.000002  0.000002  0.000002  0.000002  0.000002  0.000002  0.000002  0.000002
0.000002  0.999974  0.000002  0.000002  0.000002  0.000002  0.000002  0.000002  0.000002  0.000002  0.000002  0.000002  0.000002  0.000002  0.000002  0.000002
0.000002  0.967019  0.000002  0.000002  0.000002  0.032953  0.000002  0.000002  0.000002  0.000002  0.000002  0.000002  0.000002  0.000002  0.000002  0.000002
0.134719  0.694579  0.002209  0.000002  0.001112  0.082845  0.004847  0.001982  0.037025  0.000002  0.000002  0.013001  0.000002  0.013148  0.014525  0.000002
0.128379  0.725528  0.000002  0.000002  0.000002  0.088740  0.000002  0.000002  0.032090  0.000002  0.000002  0.007957  0.000002  0.017155  0.000130  0.000002
0.097833  0.717518  0.000002  0.000002  0.002485  0.063684  0.006140  0.004381  0.084486  0.000002  0.000002  0.004117  0.000384  0.006548  0.012416  0.000002
0.121962  0.737101  0.000002  0.000002  0.000002  0.075527  0.000002  0.003724  0.045167  0.000002  0.000002  0.004577  0.000002  0.006205  0.005722  0.000002
0.160407  0.704740  0.000002  0.000002  0.001336  0.052862  0.007758  0.002574  0.053027  0.000002  0.000002  0.009398  0.000002  0.005497  0.002390  0.000002
0.114203  0.708874  0.000713  0.000002  0.006048  0.069125  0.010983  0.013363  0.052539  0.000002  0.000002  0.003831  0.000002  0.007659  0.012652  0.000002
0.076591  0.713300  0.000002  0.000002  0.000707  0.107481  0.000520  0.016047  0.058164  0.000002  0.000002  0.015018  0.000002  0.009837  0.002325  0.000002
0.100209  0.702831  0.000002  0.000002  0.000002  0.105710  0.003156  0.004965  0.074554  0.000002  0.000002  0.004228  0.000002  0.003592  0.000742  0.000002
0.091591  0.713988  0.000476  0.000002  0.001566  0.069736  0.000118  0.008306  0.099464  0.000002  0.000002  0.005160  0.000002  0.004464  0.005123  0.000002
0.174537  0.525273  0.000002  0.000002  0.002033  0.172035  0.013302  0.010210  0.046453  0.000002  0.000002  0.022823  0.000002  0.016072  0.017251  0.000002
0.171767  0.563474  0.000002  0.000002  0.002789  0.150655  0.009335  0.015235  0.056184  0.000002  0.000002  0.008546  0.000540  0.012748  0.008718  0.000002
0.132262  0.552490  0.000002  0.000002  0.008919  0.165841  0.000675  0.033175  0.045406  0.000002  0.000002  0.014487  0.007156  0.037058  0.002521  0.000002
0.150023  0.571997  0.000002  0.000002  0.001659  0.132175  0.015501  0.011071  0.039185  0.000002  0.000002  0.034649  0.000002  0.031933  0.011795  0.000002
0.125717  0.595407  0.000002  0.000002  0.002311  0.135660  0.001751  0.013263  0.086463  0.000002  0.000002  0.020990  0.000002  0.008442  0.009985  0.000002
0.178778  0.587463  0.000002  0.000002  0.003726  0.124040  0.002405  0.010403  0.064120  0.000002  0.000002  0.003752  0.000002  0.018203  0.007097  0.000002
0.091989  0.706957  0.000002  0.000002  0.004222  0.091922  0.000002  0.007450  0.085273  0.000002  0.000002  0.000002  0.000002  0.000393  0.011781  0.000002
0.000002  0.999974  0.000002  0.000002  0.000002  0.000002  0.000002  0.000002  0.000002  0.000002  0.000002  0.000002  0.000002  0.000002  0.000002  0.000002
0.000002  0.999974  0.000002  0.000002  0.000002  0.000002  0.000002  0.000002  0.000002  0.000002  0.000002  0.000002  0.000002  0.000002  0.000002  0.000002
0.076012  0.697321  0.001362  0.000002  0.000002  0.075177  0.011010  0.015845  0.096352  0.000002  0.000002  0.003861  0.000002  0.012445  0.010604  0.000002
0.151446  0.681841  0.000002  0.000002  0.000692  0.073449  0.007185  0.006142  0.067298  0.000002  0.000002  0.003204  0.000002  0.004856  0.003877  0.000002
0.110869  0.328390  0.000015  0.000002  0.004680  0.306946  0.009309  0.014850  0.159275  0.000002  0.000002  0.019821  0.003053  0.029670  0.013116  0.000002
0.165764  0.294821  0.000002  0.000002  0.001273  0.360329  0.008484  0.008644  0.124817  0.000002  0.000002  0.008776  0.000717  0.022486  0.003880  0.000002
0.193627  0.305942  0.000002  0.000002  0.011083  0.368256  0.014003  0.010102  0.057553  0.000002  0.000002  0.013842  0.002174  0.016294  0.007116  0.000002
0.197920  0.317021  0.000002  0.000002  0.004856  0.325286  0.022076  0.014172  0.074438  0.000002  0.000002  0.020509  0.002383  0.006946  0.014384  0.000002
0.112197  0.326303  0.000002  0.000002  0.009290  0.348484  0.014543  0.019082  0.099352  0.000002  0.000002  0.025692  0.004487  0.039652  0.000909  0.000002
0.185235  0.360263  0.000002  0.000002  0.002698  0.331753  0.006053  0.006326  0.077185  0.000002  0.000002  0.004555  0.000002  0.017340  0.008583  0.000002
0.170583  0.305993  0.000002  0.000002  0.004309  0.346113  0.018739  0.010611  0.085281  0.000002  0.000002  0.031921  0.003897  0.017156  0.005389  0.000002
0.183039  0.325376  0.000948  0.000002  0.004990  0.354287  0.009830  0.011902  0.057057  0.000002  0.000002  0.012111  0.011127  0.022662  0.006664  0.000002
0.139243  0.317485  0.000140  0.000002  0.017858  0.317937  0.018755  0.009572  0.114363  0.000002  0.000002  0.011489  0.005572  0.037678  0.009901  0.000002
0.132221  0.324447  0.000002  0.000002  0.012935  0.300385  0.011736  0.029743  0.138160  0.000002  0.000002  0.014421  0.000517  0.020117  0.015308  0.000002
0.171333  0.298550  0.000002  0.000002  0.003177  0.381245  0.005420  0.006849  0.088952  0.000002  0.000002  0.009344  0.001154  0.031013  0.002953  0.000002
0.000002  0.999974  0.000002  0.000002  0.000002  0.000002  0.000002  0.000002  0.000002  0.000002  0.000002  0.000002  0.000002  0.000002  0.000002  0.000002
0.000002  0.999974  0.000002  0.000002  0.000002  0.000002  0.000002  0.000002  0.000002  0.000002  0.000002  0.000002  0.000002  0.000002  0.000002  0.000002
0.000002  0.999974  0.000002  0.000002  0.000002  0.000002  0.000002  0.000002  0.000002  0.000002  0.000002  0.000002  0.000002  0.000002  0.000002  0.000002
0.000002  0.999974  0.000002  0.000002  0.000002  0.000002  0.000002  0.000002  0.000002  0.000002  0.000002  0.000002  0.000002  0.000002  0.000002  0.000002
0.000002  0.999974  0.000002  0.000002  0.000002  0.000002  0.000002  0.000002  0.000002  0.000002  0.000002  0.000002  0.000002  0.000002  0.000002  0.000002
0.000002  0.999974  0.000002  0.000002  0.000002  0.000002  0.000002  0.000002  0.000002  0.000002  0.000002  0.000002  0.000002  0.000002  0.000002  0.000002
0.168034  0.474753  0.000002  0.000002  0.000320  0.229405  0.007612  0.018747  0.059615  0.000002  0.000002  0.012020  0.000002  0.009163  0.020321  0.000002
0.168513  0.455635  0.002098  0.000002  0.009203  0.210491  0.015435  0.009132  0.089753  0.000002  0.000002  0.010793  0.000921  0.006155  0.021863  0.000002
0.167639  0.442837  0.000575  0.000002  0.004116  0.244737  0.016847  0.011391  0.076091  0.000002  0.000002  0.014716  0.000200  0.014583  0.006261  0.000002
0.199147  0.424416  0.000752  0.000002  0.005167  0.246276  0.000002  0.016296  0.062874  0.000002  0.000002  0.020632  0.001535  0.018056  0.004839  0.000002
0.000002  0.987281  0.000002  0.000002  0.000002  0.012695  0.000002  0.000002  0.000002  0.000002  0.000002  0.000002  0.000002  0.000002  0.000002  0.000002
0.004865  0.011564  0.000002  0.000002  0.000002  0.900659  0.000170  0.001182  0.040586  0.000002  0.000002  0.004027  0.019563  0.017371  0.000002  0.000002
0.004214  0.008120  0.000002  0.000002  0.000002  0.897715  0.000002  0.000595  0.013914  0.030748  0.000002  0.001429  0.036758  0.006494  0.000002  0.000002
0.000002  0.012456  0.000002  0.000002  0.000002  0.933065  0.000002  0.000002  0.000350  0.033003  0.000002  0.000002  0.017836  0.003272  0.000002  0.000002
0.000036  0.023807  0.000002  0.000002  0.000002  0.909364  0.000002  0.000002  0.002360  0.036407  0.000002  0.000002  0.025490  0.002520  0.000002  0.000002
0.001859  0.009140  0.000002  0.000002  0.000002  0.932339  0.000002  0.000002  0.012150  0.000002  0.000002  0.000002  0.038837  0.005657  0.000002  0.000002
0.001873  0.012147  0.000002  0.000002  0.000002  0.935240  0.000002  0.000002  0.008903  0.000002  0.000002  0.000002  0.039714  0.002104  0.000002  0.000002
0.000139  0.031578  0.000002  0.000002  0.000002  0.949991  0.000002  0.000002  0.003280  0.000002  0.000002  0.000002  0.014224  0.000770  0.000002  0.000002
0.000002  0.033470  0.000002  0.000002  0.000002  0.913223  0.000002  0.000002  0.002841  0.000002  0.000002  0.000002  0.042054  0.008393  0.000002  0.000002
0.002250  0.005960  0.000002  0.000002  0.000002  0.933616  0.000002  0.000002  0.018328  0.018511  0.000002  0.000002  0.017954  0.003366  0.000002  0.000002
0.001146  0.012960  0.000002  0.000002  0.000002  0.958697  0.000002  0.000002  0.006510  0.000002  0.000002  0.000002  0.018041  0.002629  0.000002  0.000002
0.004828  0.011501  0.000002  0.000002  0.000002  0.952736  0.000002  0.000002  0.015068  0.000002  0.000002  0.000842  0.006713  0.008297  0.000002  0.000002
0.002838  0.017985  0.000002  0.000002  0.000002  0.932001  0.000002  0.000002  0.007185  0.000002  0.000002  0.000184  0.031187  0.008604  0.000002  0.000002
0.000002  0.026177  0.000002  0.000002  0.000002  0.922684  0.000002  0.000002  0.014211  0.000002  0.000002  0.000002  0.022874  0.014035  0.000002  0.000002
0.000964  0.008093  0.000002  0.000002  0.000002  0.948475  0.000002  0.000002  0.006467  0.000002  0.000002  0.000002  0.035056  0.000927  0.000002  0.000002
0.002461  0.021628  0.000002  0.000002  0.000002  0.907212  0.000054  0.000002  0.014828  0.035059  0.000002  0.000002  0.010892  0.007851  0.000002  0.000002
0.134045  0.332994  0.000002  0.000002  0.003042  0.360598  0.009285  0.012970  0.113060  0.000002  0.000002  0.008774  0.006843  0.011999  0.006384  0.000002
0.058228  0.265970  0.000798  0.000002  0.004845  0.417833  0.009982  0.026545  0.161651  0.000002  0.000002  0.009869  0.008023  0.031692  0.004556  0.000002
0.099275  0.588445  0.000498  0.000002  0.011758  0.124458  0.011969  0.011317  0.084913  0.000002  0.000002  0.026955  0.000217  0.024174  0.016013  0.000002
0.142996  0.564595  0.002831  0.000002  0.008853  0.123922  0.012643  0.007942  0.071123  0.000002  0.000002  0.023672  0.000002  0.017744  0.023672  0.000002
0.000002  0.000002  0.000002  0.000002  0.000002  0.999974  0.000002  0.000002  0.000002  0.000002  0.000002  0.000002  0.000002  0.000002  0.000002  0.000002
0.000002  0.000512  0.000002  0.000002  0.000002  0.999464  0.000002  0.000002  0.000002  0.000002  0.000002  0.000002  0.000002  0.000002  0.000002  0.000002
0.000702  0.024101  0.000002  0.000002  0.000002  0.921753  0.000002  0.000002  0.006159  0.028211  0.000002  0.000002  0.014155  0.004903  0.000002  0.000002
0.004692  0.017131  0.000002  0.000002  0.000002  0.913191  0.000002  0.000003  0.016150  0.000002  0.000002  0.000002  0.043773  0.005043  0.000002  0.000002
0.000897  0.005897  0.000002  0.000002  0.000002  0.942854  0.000002  0.000002  0.015493  0.000002  0.000002  0.000002  0.025093  0.009749  0.000002  0.000002
0.004251  0.015510  0.000002  0.000002  0.000002  0.927116  0.000002  0.000002  0.018789  0.000002  0.000002  0.000002  0.027740  0.006576  0.000002  0.000002
0.000002  0.002205  0.000002  0.000002  0.000002  0.997770  0.000002  0.000002  0.000002  0.000002  0.000002  0.000002  0.000002  0.000002  0.000002  0.000002
0.000002  0.003375  0.000002  0.000002  0.000002  0.996600  0.000002  0.000002  0.000002  0.000002  0.000002  0.000002  0.000002  0.000002  0.000002  0.000002
0.000002  0.000002  0.000002  0.000002  0.000002  0.999974  0.000002  0.000002  0.000002  0.000002  0.000002  0.000002  0.000002  0.000002  0.000002  0.000002
0.004113  0.022857  0.000002  0.000002  0.000002  0.919768  0.000002  0.000002  0.006030  0.017478  0.000002  0.000002  0.022833  0.006905  0.000002  0.000002
0.000002  0.000002  0.000002  0.000002  0.000002  0.999974  0.000002  0.000002  0.000002  0.000002  0.000002  0.000002  0.000002  0.000002  0.000002  0.000002
0.010467  0.026924  0.000002  0.000002  0.000002  0.894384  0.000002  0.000237  0.007749  0.049582  0.000002  0.000002  0.009368  0.001275  0.000002  0.000002
0.000002  0.003700  0.000002  0.000002  0.000002  0.879693  0.000002  0.000002  0.000002  0.051282  0.000002  0.000002  0.065303  0.000002  0.000002  0.000002
0.000002  0.027774  0.000002  0.000002  0.000002  0.885568  0.000002  0.000002  0.002874  0.036680  0.000002  0.000002  0.047085  0.000002  0.000002  0.000002
0.000002  0.012972  0.000002  0.000002  0.000002  0.880173  0.000002  0.000002  0.001962  0.066700  0.000002  0.000002  0.038174  0.000002  0.000002  0.000002
0.001199  0.006766  0.000002  0.000002  0.000002  0.856045  0.000002  0.000002  0.001673  0.064728  0.000002  0.000002  0.066529  0.003043  0.000002  0.000002
0.000875  0.019774  0.000002  0.000002  0.000002  0.898896  0.000002  0.000002  0.005567  0.000002  0.000002  0.000002  0.072428  0.002442  0.000002  0.000002
0.000002  0.013253  0.000002  0.000002  0.000002  0.889687  0.000002  0.000002  0.000243  0.026781  0.000002  0.000002  0.070016  0.000002  0.000002  0.000002
0.000002  0.004801  0.000002  0.000002  0.000002  0.866760  0.000002  0.000002  0.002343  0.045592  0.000002  0.000002  0.080234  0.000253  0.000002  0.000002
0.000002  0.029628  0.000002  0.000002  0.000002  0.891932  0.000002  0.000002  0.000002  0.041697  0.000002  0.000002  0.034980  0.001744  0.000002  0.000002
0.003322  0.007900  0.000002  0.000002  0.000002  0.934735  0.000002  0.000164  0.021046  0.000002  0.000002  0.001266  0.021452  0.010103  0.000002  0.000002
0.002167  0.014066  0.000002  0.000002  0.000002  0.896308  0.000002  0.000002  0.002072  0.056469  0.000002  0.000002  0.024371  0.004531  0.000002  0.000002
0.002708  0.011877  0.000002  0.000002  0.000002  0.930768  0.000002  0.000002  0.012066  0.000002  0.000002  0.000002  0.032886  0.009677  0.000002  0.000002
0.001467  0.009180  0.000002  0.000002  0.000002  0.907507  0.000002  0.000002  0.003201  0.017640  0.000002  0.000002  0.060987  0.000002  0.000002  0.000002
0.000002  0.024700  0.000002  0.000002  0.000002  0.889455  0.000002  0.000002  0.000805  0.038412  0.000002  0.000002  0.044315  0.002295  0.000002  0.000002
0.001359  0.024022  0.000002  0.000002  0.000002  0.882959  0.000002  0.000002  0.005275  0.051918  0.000002  0.000002  0.028916  0.005534  0.000002  0.000002
0.000002  0.027542  0.000002  0.000002  0.000002  0.871249  0.000002  0.000002  0.000755  0.066570  0.000002  0.000002  0.031977  0.001890  0.000002  0.000002
0.000927  0.005963  0.000002  0.000002  0.000002  0.920310  0.000002  0.000002  0.002198  0.008491  0.000002  0.000002  0.055144  0.006950  0.000002  0.000002
0.000764  0.012067  0.000002  0.000002  0.000002  0.902759  0.000002  0.000002  0.000002  0.042399  0.000002  0.000002  0.039536  0.002458  0.000002  0.000002
0.000562  0.016006  0.000002  0.000002  0.000002  0.919036  0.000002  0.000002  0.000532  0.000002  0.000002  0.000002  0.063654  0.000192  0.000002  0.000002
0.000002  0.005808  0.000002  0.000002  0.000002  0.914873  0.000002  0.000002  0.000002  0.025702  0.000002  0.000002  0.053100  0.000498  0.000002  0.000002
0.000002  0.000002  0.000002  0.000002  0.000002  0.999974  0.000002  0.000002  0.000002  0.000002  0.000002  0.000002  0.000002  0.000002  0.000002  0.000002
0.000002  0.000002  0.000002  0.000002  0.000002  0.999973  0.000002  0.000002  0.000002  0.000002  0.000002  0.000002  0.000002  0.000002  0.000002  0.000002
0.000002  0.002445  0.000002  0.000002  0.000002  0.997530  0.000002  0.000002  0.000002  0.000002  0.000002  0.000002  0.000002  0.000002  0.000002  0.000002
0.000002  0.000002  0.000002  0.000002  0.000002  0.000002  0.000002  0.000002  0.000002  0.999973  0.000002  0.000002  0.000002  0.000002  0.000002  0.000002
0.102233  0.681352  0.001176  0.000002  0.001920  0.077345  0.007429  0.011106  0.078605  0.000002  0.000002  0.021210  0.002567  0.005819  0.009232  0.000002
0.000002  0.000002  0.000002  0.000002  0.000002  0.000002  0.000002  0.000002  0.000002  0.999970  0.000002  0.000002  0.000002  0.000002  0.000002  0.000002
0.000002  0.000002  0.000002  0.000002  0.000002  0.000002  0.000002  0.000002  0.000002  0.999972  0.000002  0.000002  0.000002  0.000002  0.000002  0.000002
0.000002  0.000002  0.000002  0.000002  0.000002  0.000002  0.000002  0.000002  0.000002  0.999972  0.000002  0.000002  0.000002  0.000002  0.000002  0.000002
0.000002  0.000002  0.000002  0.000002  0.000002  0.000002  0.000002  0.000002  0.000002  0.999973  0.000002  0.000002  0.000002  0.000002  0.000002  0.000002
0.000002  0.000002  0.000002  0.000002  0.000002  0.000002  0.000002  0.000002  0.000002  0.999973  0.000002  0.000002  0.000002  0.000002  0.000002  0.000002
0.000002  0.000002  0.000002  0.000002  0.000002  0.000002  0.000002  0.000002  0.000002  0.999973  0.000002  0.000002  0.000002  0.000002  0.000002  0.000002
0.000002  0.000002  0.000002  0.000002  0.000002  0.000002  0.000002  0.000002  0.000002  0.999973  0.000002  0.000002  0.000002  0.000002  0.000002  0.000002
0.000002  0.000002  0.000002  0.000002  0.000002  0.000002  0.000002  0.000002  0.000002  0.999973  0.000002  0.000002  0.000002  0.000002  0.000002  0.000002
0.000002  0.000002  0.000002  0.000002  0.000002  0.000002  0.000002  0.000002  0.000002  0.999972  0.000002  0.000002  0.000002  0.000002  0.000002  0.000002
0.000002  0.000002  0.000002  0.000002  0.000002  0.000002  0.000002  0.000002  0.000002  0.999973  0.000002  0.000002  0.000002  0.000002  0.000002  0.000002
0.087764  0.703915  0.000002  0.000002  0.001874  0.093410  0.003603  0.006074  0.079807  0.000002  0.000002  0.010925  0.000002  0.011996  0.000621  0.000002
0.000002  0.000002  0.000002  0.000002  0.000002  0.000002  0.000002  0.000002  0.000002  0.999973  0.000002  0.000002  0.000002  0.000002  0.000002  0.000002
0.000002  0.000002  0.000002  0.000002  0.000002  0.000002  0.000002  0.000002  0.000002  0.999972  0.000002  0.000002  0.000002  0.000002  0.000002  0.000002
0.000002  0.000002  0.000002  0.000002  0.000002  0.000002  0.000002  0.000002  0.000002  0.999972  0.000002  0.000002  0.000002  0.000002  0.000002  0.000002
0.000002  0.000002  0.000002  0.000002  0.000002  0.000002  0.000002  0.000002  0.000002  0.999973  0.000002  0.000002  0.000002  0.000002  0.000002  0.000002
0.000002  0.000002  0.000002  0.000002  0.000002  0.000002  0.000002  0.000002  0.000002  0.999973  0.000002  0.000002  0.000002  0.000002  0.000002  0.000002
0.000002  0.000002  0.000002  0.000002  0.000002  0.000002  0.000002  0.000002  0.000002  0.999973  0.000002  0.000002  0.000002  0.000002  0.000002  0.000002
0.000002  0.000002  0.000002  0.000002  0.000002  0.000002  0.000002  0.000002  0.000002  0.999973  0.000002  0.000002  0.000002  0.000002  0.000002  0.000002
