0.003507  0.117105  0.007924  0.004679  0.000001  0.000002  0.017584  0.000889  0.002883  0.000001  0.002990  0.000001  0.000001  0.000001  0.004988  0.294010  0.046597  0.469820  0.010132  0.000001  0.008363  0.008518  0.000001
0.002716  0.154532  0.007959  0.001725  0.000001  0.000707  0.005297  0.001457  0.008019  0.000001  0.001128  0.000001  0.000001  0.000001  0.004840  0.254523  0.058942  0.481211  0.010345  0.000001  0.003463  0.003128  0.000001
0.000001  0.009526  0.000001  0.000001  0.000001  0.000001  0.000001  0.000001  0.000001  0.000001  0.000001  0.000001  0.000001  0.000001  0.000001  0.915435  0.000001  0.075012  0.000001  0.000001  0.000001  0.000001  0.000001
0.004450  0.130780  0.008032  0.003498  0.000001  0.002803  0.022821  0.003537  0.006688  0.000001  0.004589  0.000001  0.000001  0.000001  0.016775  0.188308  0.025216  0.542617  0.018105  0.000001  0.013860  0.007914  0.000001
0.003969  0.166077  0.014119  0.003683  0.000001  0.000969  0.011937  0.001592  0.003670  0.000001  0.015638  0.000001  0.000001  0.000001  0.007357  0.185590  0.043053  0.498206  0.016578  0.000001  0.018076  0.009477  0.000001
0.007585  0.138156  0.021818  0.005328  0.000001  0.002077  0.022324  0.001474  0.003628  0.000001  0.007299  0.000001  0.000001  0.000001  0.009230  0.180575  0.032695  0.534002  0.008085  0.000001  0.017472  0.008243  0.000001
0.010233  0.162972  0.011452  0.003587  0.000001  0.000760  0.021840  0.000369  0.008867  0.000001  0.008993  0.000001  0.000001  0.000001  0.008889  0.163760  0.046764  0.520480  0.012425  0.000001  0.011857  0.006744  0.000001
0.004601  0.159424  0.026093  0.004509  0.000001  0.000604  0.010328  0.001013  0.010472  0.000001  0.001182  0.000001  0.000001  0.000001  0.009875  0.132948  0.037712  0.557281  0.029092  0.000001  0.010716  0.004140  0.000001
0.003125  0.242394  0.016488  0.007022  0.000001  0.000714  0.015964  0.003682  0.010962  0.000001  0.009275  0.000001  0.000001  0.000001  0.005130  0.147053  0.033309  0.470558  0.013830  0.000001  0.018136  0.002351  0.000001
0.003734  0.165658  0.015847  0.004667  0.000001  0.000227  0.011669  0.000915  0.007957  0.000001  0.000686  0.000001  0.000001  0.000001  0.010326  0.101498  0.061582  0.575352  0.031290  0.000001  0.005310  0.003274  0.000001
0.005603  0.147644  0.028257  0.002382  0.000001  0.001414  0.023182  0.001144  0.004748  0.000001  0.007021  0.000001  0.000001  0.000001  0.006605  0.151812  0.049887  0.538629  0.013741  0.000001  0.012754  0.005167  0.000001
0.006681  0.152542  0.007227  0.004418  0.000001  0.001008  0.015610  0.000934  0.007100  0.000001  0.006588  0.000001  0.000001  0.000001  0.006951  0.170216  0.038489  0.545175  0.017883  0.000001  0.013334  0.005836  0.000001
0.004802  0.121555  0.008797  0.005795  0.000001  0.000918  0.028522  0.001688  0.005054  0.000001  0.006010  0.000001  0.000001  0.000001  0.007354  0.174647  0.040897  0.560683  0.013540  0.000001  0.013128  0.006602  0.000001
0.001474  0.151153  0.035160  0.002821  0.000002  0.000928  0.010035  0.000048  0.007580  0.000002  0.000138  0.000002  0.000002  0.000002  0.014019  0.112302  0.037635  0.589487  0.030441  0.000002  0.004114  0.002656  0.000002
0.000002  0.012756  0.000002  0.000002  0.000002  0.000002  0.000002  0.000002  0.000002  0.000002  0.000002  0.000002  0.000002  0.000002  0.000002  0.950983  0.000002  0.036230  0.000002  0.000002  0.000002  0.000002  0.000002
0.000001  0.005807  0.000001  0.000001  0.000001  0.000001  0.000001  0.000001  0.000001  0.000001  0.000001  0.000001  0.000001  0.000001  0.000001  0.950160  0.000001  0.044006  0.000001  0.000001  0.000001  0.000001  0.000001
0.000001  0.003143  0.000001  0.000001  0.000001  0.000001  0.000001  0.000001  0.000001  0.000001  0.000001  0.000001  0.000001  0.000001  0.000001  0.951526  0.000001  0.045307  0.000001  0.000001  0.000001  0.000001  0.000001
0.000001  0.004008  0.000001  0.000001  0.000001  0.000001  0.000001  0.000001  0.000001  0.000001  0.000001  0.000001  0.000001  0.000001  0.000001  0.944838  0.000001  0.051130  0.000001  0.000001  0.000001  0.000001  0.000001
0.000001  0.002855  0.000001  0.000001  0.000001  0.000001  0.000001  0.000001  0.000001  0.000001  0.000001  0.000001  0.000001  0.000001  0.000001  0.949639  0.000001  0.047478  0.000001  0.000001  0.000001  0.000001  0.000001
0.000001  0.009230  0.000001  0.000001  0.000001  0.000001  0.000001  0.000001  0.000001  0.000001  0.000001  0.000001  0.000001  0.000001  0.000001  0.949494  0.000001  0.041251  0.000001  0.000001  0.000001  0.000001  0.000001
0.000924  0.125427  0.013510  0.001636  0.000001  0.000001  0.010025  0.000001  0.002966  0.000001  0.000851  0.000001  0.000001  0.000001  0.004963  0.297446  0.052452  0.473196  0.004456  0.000001  0.009333  0.002805  0.000001
0.002062  0.156349  0.007515  0.002498  0.000001  0.000039  0.021773  0.003377  0.006830  0.000001  0.000855  0.000001  0.000001  0.000001  0.007330  0.284397  0.033144  0.455471  0.003367  0.000001  0.010973  0.004013  0.000001
0.000638  0.068872  0.006486  0.000001  0.000001  0.000001  0.009373  0.000001  0.002656  0.000001  0.000314  0.000001  0.000001  0.000001  0.007817  0.359653  0.042274  0.492240  0.004550  0.000001  0.002645  0.002469  0.000001
0.003802  0.048599  0.006345  0.000456  0.000001  0.000001  0.009487  0.000001  0.000525  0.000001  0.000173  0.000001  0.000001  0.000001  0.003750  0.349515  0.049758  0.515148  0.001675  0.000001  0.006369  0.004386  0.000001
0.002514  0.089551  0.009555  0.001472  0.000001  0.001217  0.006881  0.000343  0.003044  0.000001  0.000202  0.000001  0.000001  0.000001  0.007646  0.365284  0.039598  0.458029  0.002242  0.000001  0.006714  0.005698  0.000001
0.000001  0.011867  0.000059  0.000001  0.000001  0.000001  0.000060  0.000001  0.000001  0.000001  0.000001  0.000001  0.000001  0.000001  0.000116  0.776380  0.000699  0.210800  0.000001  0.000001  0.000001  0.000001  0.000001
0.002531  0.132910  0.006292  0.001475  0.000001  0.000287  0.014041  0.000842  0.004993  0.000001  0.000183  0.000001  0.000001  0.000001  0.017558  0.368390  0.028816  0.407304  0.003113  0.000001  0.005875  0.005381  0.000001
0.003693  0.140005  0.004576  0.000002  0.000002  0.000002  0.002355  0.000002  0.000158  0.000002  0.200746  0.000002  0.000002  0.000002  0.000557  0.045695  0.002269  0.594778  0.003245  0.000002  0.001903  0.000002  0.000002
0.000001  0.002481  0.000001  0.000001  0.000001  0.000001  0.000001  0.000001  0.000001  0.000001  0.000001  0.000001  0.000001  0.000001  0.000001  0.942183  0.000001  0.055311  0.000001  0.000001  0.000001  0.000001  0.000001
0.004112  0.098625  0.009154  0.002240  0.000001  0.000516  0.017422  0.001221  0.005775  0.000001  0.000748  0.000001  0.000001  0.000001  0.006118  0.315441  0.030622  0.486840  0.006658  0.000001  0.009183  0.005316  0.000001
0.000001  0.012995  0.000001  0.000001  0.000001  0.000001  0.000001  0.000001  0.000001  0.000001  0.000001  0.000001  0.000001  0.000001  0.000001  0.838690  0.000109  0.148182  0.000001  0.000001  0.000001  0.000001  0.000001
0.000001  0.010026  0.000001  0.000001  0.000001  0.000001  0.000001  0.000001  0.000001  0.000001  0.000001  0.000001  0.000001  0.000001  0.000001  0.931243  0.000001  0.058706  0.000001  0.000001  0.000001  0.000001  0.000001
0.000001  0.056586  0.000001  0.000001  0.000001  0.000001  0.000001  0.000001  0.000001  0.000001  0.000001  0.000001  0.000001  0.000001  0.000001  0.000001  0.000001  0.000001  0.000001  0.943387  0.000001  0.000001  0.000001
0.000001  0.059337  0.000001  0.000001  0.000001  0.000001  0.000001  0.000001  0.000001  0.000001  0.000001  0.000001  0.000001  0.000001  0.000001  0.000001  0.000001  0.000001  0.000001  0.940637  0.000001  0.000001  0.000001
0.000001  0.044688  0.000001  0.000001  0.000001  0.000001  0.000001  0.000001  0.000001  0.000001  0.000001  0.000001  0.000001  0.000001  0.000001  0.000001  0.000001  0.000001  0.000001  0.955286  0.000001  0.000001  0.000001
0.000001  0.052315  0.000001  0.000001  0.000001  0.000001  0.000001  0.000001  0.000001  0.000001  0.000001  0.000001  0.000001  0.000001  0.000001  0.000001  0.000001  0.000001  0.000001  0.947659  0.000001  0.000001  0.000001
0.000001  0.050825  0.000001  0.000001  0.000001  0.000001  0.000001  0.000001  0.000001  0.000001  0.000001  0.000001  0.000001  0.000001  0.000001  0.000001  0.000001  0.000001  0.000001  0.949149  0.000001  0.000001  0.000001
0.000001  0.055248  0.000001  0.000001  0.000001  0.000001  0.000001  0.000001  0.000001  0.000001  0.000001  0.000001  0.000001  0.000001  0.000001  0.000001  0.000001  0.000001  0.000001  0.944725  0.000001  0.000001  0.000001
0.000001  0.047438  0.000001  0.000001  0.000001  0.000001  0.000001  0.000001  0.000001  0.000001  0.000001  0.000001  0.000001  0.000001  0.000001  0.000001  0.000001  0.000001  0.000001  0.952535  0.000001  0.000001  0.000001
0.000002  0.046813  0.000002  0.000002  0.000002  0.000002  0.000002  0.000002  0.000002  0.000002  0.000002  0.000002  0.000002  0.000002  0.000002  0.000002  0.000002  0.000002  0.000002  0.953155  0.000002  0.000002  0.000002
0.000001  0.083938  0.000001  0.000001  0.000001  0.000001  0.000001  0.000001  0.000001  0.000001  0.000001  0.000001  0.000001  0.000001  0.000001  0.000001  0.000001  0.000001  0.000001  0.916035  0.000001  0.000001  0.000001
0.000001  0.070575  0.000001  0.000001  0.000001  0.000001  0.000001  0.000001  0.000001  0.000001  0.000001  0.000001  0.000001  0.000001  0.000001  0.000001  0.000001  0.000001  0.000001  0.929398  0.000001  0.000001  0.000001
0.000001  0.056492  0.000001  0.000001  0.000001  0.000001  0.000001  0.000001  0.000001  0.000001  0.000001  0.000001  0.000001  0.000001  0.000001  0.000001  0.000001  0.000001  0.000001  0.943481  0.000001  0.000001  0.000001
0.000348  0.081793  0.008022  0.002412  0.000001  0.000001  0.006533  0.000001  0.001546  0.000001  0.000155  0.000001  0.000001  0.000001  0.004661  0.394888  0.041043  0.450182  0.002019  0.000001  0.004783  0.001602  0.000001
0.000974  0.149801  0.009982  0.000619  0.000001  0.000112  0.006161  0.001071  0.002838  0.000001  0.000094  0.000001  0.000001  0.000001  0.013830  0.343272  0.035585  0.420371  0.004396  0.000001  0.007142  0.003743  0.000001
0.000001  0.015515  0.000001  0.000001  0.000001  0.000001  0.000001  0.000001  0.000001  0.000001  0.000001  0.000001  0.000001  0.000001  0.000001  0.842566  0.000001  0.141894  0.000001  0.000001  0.000001  0.000001  0.000001
0.000001  0.008296  0.000001  0.000001  0.000001  0.000001  0.000001  0.000001  0.000001  0.000001  0.000001  0.000001  0.000001  0.000001  0.000001  0.948743  0.000001  0.042936  0.000001  0.000001  0.000001  0.000001  0.000001
0.000001  0.005666  0.000001  0.000001  0.000001  0.000001  0.000001  0.000001  0.000001  0.000001  0.000001  0.000001  0.000001  0.000001  0.000001  0.926534  0.000001  0.067775  0.000001  0.000001  0.000001  0.000001  0.000001
0.000001  0.004156  0.000001  0.000001  0.000001  0.000001  0.000001  0.000001  0.000001  0.000001  0.000001  0.000001  0.000001  0.000001  0.000001  0.946311  0.000001  0.049508  0.000001  0.000001  0.000001  0.000001  0.000001
0.000001  0.008331  0.000001  0.000001  0.000001  0.000001  0.000001  0.000001  0.000001  0.000001  0.000001  0.000001  0.000001  0.000001  0.000001  0.942431  0.000001  0.049214  0.000001  0.000001  0.000001  0.000001  0.000001
0.000001  0.009783  0.000001  0.000001  0.000001  0.000001  0.000001  0.000001  0.000001  0.000001  0.000001  0.000001  0.000001  0.000001  0.000001  0.941386  0.000001  0.048806  0.000001  0.000001  0.000001  0.000001  0.000001
0.001040  0.120644  0.009046  0.003545  0.000001  0.000001  0.006573  0.001472  0.004160  0.000001  0.000422  0.000001  0.000001  0.000001  0.013685  0.428634  0.017945  0.375855  0.008454  0.000001  0.006302  0.002211  0.000001
0.002450  0.095626  0.003051  0.000492  0.000001  0.000269  0.009449  0.000091  0.001427  0.000001  0.000054  0.000001  0.000001  0.000001  0.006578  0.412900  0.034727  0.419545  0.007563  0.000001  0.002818  0.002949  0.000001
0.000001  0.011063  0.000001  0.000001  0.000001  0.000001  0.000001  0.000001  0.000001  0.000001  0.000001  0.000001  0.000001  0.000001  0.000001  0.915666  0.000001  0.073246  0.000001  0.000001  0.000001  0.000001  0.000001
0.000001  0.004508  0.000001  0.000001  0.000001  0.000001  0.000001  0.000001  0.000001  0.000001  0.000001  0.000001  0.000001  0.000001  0.000001  0.920259  0.000001  0.075209  0.000001  0.000001  0.000001  0.000001  0.000001
0.000001  0.002893  0.000001  0.000001  0.000001  0.000001  0.000001  0.000001  0.000001  0.000001  0.000001  0.000001  0.000001  0.000001  0.000001  0.939418  0.000001  0.057665  0.000001  0.000001  0.000001  0.000001  0.000001
0.000001  0.027435  0.000001  0.000001  0.000001  0.000001  0.000001  0.000001  0.000001  0.000001  0.000001  0.000001  0.000001  0.000001  0.000437  0.746687  0.002433  0.222985  0.000001  0.000001  0.000001  0.000001  0.000001
0.000001  0.009519  0.000001  0.000001  0.000001  0.000001  0.000001  0.000001  0.000001  0.000001  0.000001  0.000001  0.000001  0.000001  0.000001  0.932981  0.000001  0.057476  0.000001  0.000001  0.000001  0.000001  0.000001
0.000001  0.010880  0.000001  0.000001  0.000001  0.000001  0.000001  0.000001  0.000001  0.000001  0.000001  0.000001  0.000001  0.000001  0.000001  0.934601  0.000001  0.054495  0.000001  0.000001  0.000001  0.000001  0.000001
0.000001  0.008536  0.000001  0.000001  0.000001  0.000001  0.000001  0.000001  0.000001  0.000001  0.000001  0.000001  0.000001  0.000001  0.000001  0.915907  0.000001  0.075532  0.000001  0.000001  0.000001  0.000001  0.000001
0.000001  0.009020  0.000001  0.000001  0.000001  0.000001  0.000001  0.000001  0.000001  0.000001  0.000001  0.000001  0.000001  0.000001  0.000001  0.906405  0.000001  0.084551  0.000001  0.000001  0.000001  0.000001  0.000001
0.000001  0.007135  0.000001  0.000001  0.000001  0.000001  0.000001  0.000001  0.000001  0.000001  0.000001  0.000001  0.000001  0.000001  0.000001  0.928090  0.000001  0.064751  0.000001  0.000001  0.000001  0.000001  0.000001
0.000001  0.012432  0.000001  0.000001  0.000001  0.000001  0.000001  0.000001  0.000001  0.000001  0.000001  0.000001  0.000001  0.000001  0.000001  0.904301  0.000001  0.083243  0.000001  0.000001  0.000001  0.000001  0.000001
0.001660  0.335543  0.001696  0.002426  0.000001  0.000001  0.004144  0.001569  0.002062  0.000001  0.152560  0.000001  0.000001  0.000001  0.001634  0.036894  0.004162  0.421159  0.012097  0.016837  0.005547  0.000001  0.000001
0.002327  0.314530  0.001860  0.000794  0.000001  0.000414  0.003165  0.001457  0.001141  0.000001  0.160035  0.000001  0.000001  0.000001  0.001417  0.036073  0.002392  0.446618  0.005216  0.017197  0.004870  0.000486  0.000001
0.001460  0.345461  0.003325  0.000801  0.000001  0.000001  0.003005  0.000935  0.000548  0.000001  0.152862  0.000001  0.000001  0.000001  0.000527  0.048158  0.002493  0.427700  0.004019  0.005413  0.003285  0.000001  0.000001
0.000343  0.438181  0.002669  0.000411  0.000001  0.000001  0.001311  0.001446  0.000709  0.000001  0.136648  0.000001  0.000001  0.000001  0.000092  0.043898  0.004115  0.346029  0.014515  0.006866  0.002758  0.000001  0.000001
0.001604  0.325242  0.003153  0.002595  0.000001  0.000459  0.002458  0.001732  0.000656  0.000001  0.153517  0.000001  0.000001  0.000001  0.000549  0.030473  0.004527  0.441925  0.006316  0.020403  0.003935  0.000448  0.000001
0.000088  0.298005  0.003389  0.000001  0.000001  0.000123  0.002807  0.000180  0.000216  0.000001  0.193211  0.000001  0.000001  0.000001  0.000542  0.051764  0.003799  0.427638  0.010897  0.003721  0.003363  0.000246  0.000001
0.001503  0.304689  0.002942  0.000917  0.000001  0.000001  0.003128  0.001154  0.000792  0.000001  0.184902  0.000001  0.000001  0.000001  0.000001  0.033120  0.004946  0.451349  0.005296  0.000001  0.005005  0.000248  0.000001
0.000001  0.019659  0.000001  0.000001  0.000001  0.000001  0.000001  0.000001  0.000001  0.000001  0.000001  0.000001  0.000001  0.000001  0.000001  0.952129  0.000001  0.028186  0.000001  0.000001  0.000001  0.000001  0.000001
0.000001  0.007839  0.000001  0.000001  0.000001  0.000001  0.000001  0.000001  0.000001  0.000001  0.000001  0.000001  0.000001  0.000001  0.000001  0.954678  0.000001  0.037458  0.000001  0.000001  0.000001  0.000001  0.000001
0.000001  0.023958  0.000213  0.000001  0.000001  0.000001  0.000052  0.000001  0.000001  0.000001  0.000001  0.000001  0.000001  0.000001  0.001490  0.717135  0.003771  0.253104  0.000001  0.000001  0.000001  0.000258  0.000001
0.000001  0.007403  0.000001  0.000001  0.000001  0.000001  0.000001  0.000001  0.000001  0.000001  0.000001  0.000001  0.000001  0.000001  0.000001  0.955833  0.000001  0.036739  0.000001  0.000001  0.000001  0.000001  0.000001
0.000001  0.006699  0.000001  0.000001  0.000001  0.000001  0.000001  0.000001  0.000001  0.000001  0.000001  0.000001  0.000001  0.000001  0.000001  0.946533  0.000001  0.046744  0.000001  0.000001  0.000001  0.000001  0.000001
0.000001  0.008509  0.000001  0.000001  0.000001  0.000001  0.000001  0.000001  0.000001  0.000001  0.000001  0.000001  0.000001  0.000001  0.000001  0.942633  0.000001  0.048833  0.000001  0.000001  0.000001  0.000001  0.000001
0.005149  0.147485  0.020967  0.003297  0.000001  0.000424  0.013673  0.001262  0.008665  0.000001  0.014672  0.000001  0.000001  0.000001  0.006228  0.199156  0.052786  0.501486  0.005429  0.000001  0.012421  0.006891  0.000001
0.003361  0.155068  0.020538  0.003613  0.000001  0.001369  0.015421  0.001262  0.007488  0.000001  0.007685  0.000001  0.000001  0.000001  0.013263  0.229254  0.027046  0.474377  0.018808  0.000001  0.013374  0.008064  0.000001
0.002354  0.225482  0.012364  0.002366  0.000001  0.000001  0.014926  0.001123  0.004429  0.000001  0.006525  0.000001  0.000001  0.000001  0.005538  0.162970  0.061192  0.472950  0.015725  0.000001  0.006752  0.005294  0.000001
0.002960  0.113039  0.022791  0.005106  0.000001  0.001685  0.013240  0.002509  0.009759  0.000001  0.010918  0.000001  0.000001  0.000001  0.004859  0.199318  0.063077  0.533390  0.006047  0.000001  0.008066  0.003229  0.000001
0.004957  0.162650  0.014127  0.001809  0.000001  0.000036  0.012800  0.000869  0.003314  0.000001  0.013533  0.000001  0.000001  0.000001  0.009970  0.169066  0.045283  0.530851  0.012397  0.000001  0.014850  0.003480  0.000001
0.007019  0.142320  0.014668  0.006509  0.000001  0.000660  0.020747  0.002859  0.003854  0.000001  0.010937  0.000001  0.000001  0.000001  0.003522  0.188990  0.037236  0.528483  0.018566  0.000001  0.008573  0.005048  0.000001
0.005034  0.179433  0.016446  0.002412  0.000001  0.000750  0.012964  0.000639  0.009377  0.000001  0.008870  0.000001  0.000001  0.000001  0.007042  0.159851  0.053913  0.513440  0.019091  0.000001  0.008059  0.002670  0.000001
0.003564  0.111242  0.006914  0.004420  0.000001  0.000001  0.008945  0.000819  0.004885  0.000001  0.001746  0.000001  0.000001  0.000001  0.012377  0.306033  0.037472  0.478582  0.011960  0.000001  0.006372  0.004661  0.000001
0.000799  0.064144  0.002815  0.000807  0.000001  0.000001  0.007103  0.000001  0.002110  0.000001  0.000752  0.000001  0.000001  0.000001  0.003274  0.353471  0.076567  0.465529  0.007127  0.000001  0.007569  0.007921  0.000001
0.001941  0.109922  0.005228  0.003828  0.000001  0.000001  0.018106  0.000190  0.006032  0.000001  0.000518  0.000001  0.000001  0.000001  0.005597  0.356204  0.040377  0.440414  0.003940  0.000001  0.003869  0.003824  0.000001
0.003343  0.129835  0.007842  0.002802  0.000001  0.000428  0.004298  0.001188  0.004066  0.000001  0.000607  0.000001  0.000001  0.000001  0.005744  0.332485  0.042286  0.452001  0.003069  0.000001  0.004388  0.005608  0.000001
0.000846  0.132693  0.010169  0.002106  0.000001  0.000001  0.008137  0.001067  0.005519  0.000001  0.000944  0.000001  0.000001  0.000001  0.010863  0.363239  0.037506  0.406536  0.009033  0.000001  0.008298  0.003034  0.000001
0.001161  0.155337  0.007941  0.001478  0.000001  0.000221  0.009415  0.000239  0.002639  0.000001  0.000105  0.000001  0.000001  0.000001  0.007467  0.357889  0.043812  0.397088  0.006689  0.000001  0.005725  0.002784  0.000001
0.002930  0.066072  0.008610  0.000301  0.000001  0.000992  0.015723  0.000001  0.003189  0.000001  0.001174  0.000001  0.000001  0.000001  0.004006  0.357650  0.042456  0.471611  0.003080  0.000001  0.011839  0.010359  0.000001
0.001939  0.120916  0.005117  0.001377  0.000001  0.000001  0.009835  0.000876  0.001541  0.000001  0.000378  0.000001  0.000001  0.000001  0.008006  0.363398  0.049811  0.425531  0.003008  0.000001  0.005072  0.003184  0.000001
0.000545  0.312698  0.002299  0.000627  0.000001  0.000164  0.001905  0.000719  0.001270  0.000001  0.164447  0.000001  0.000001  0.000001  0.000739  0.048571  0.002008  0.452016  0.007481  0.000785  0.003569  0.000149  0.000001
0.000874  0.232432  0.002755  0.000965  0.000001  0.000001  0.001239  0.000014  0.000529  0.000001  0.218026  0.000001  0.000001  0.000001  0.000018  0.045663  0.002624  0.487693  0.004483  0.000001  0.002485  0.000189  0.000001
0.000224  0.237451  0.003364  0.000986  0.000001  0.000001  0.001725  0.000171  0.000040  0.000001  0.173618  0.000001  0.000001  0.000001  0.000382  0.042480  0.005867  0.527551  0.002557  0.000001  0.003403  0.000171  0.000001
0.000838  0.280091  0.004356  0.001116  0.000001  0.000062  0.002269  0.000231  0.000212  0.000001  0.202895  0.000001  0.000001  0.000001  0.000627  0.037155  0.004614  0.457281  0.005072  0.000597  0.001728  0.000848  0.000001
0.000826  0.205632  0.002773  0.001041  0.000001  0.000001  0.001329  0.000333  0.000201  0.000001  0.189119  0.000001  0.000001  0.000001  0.000285  0.057563  0.002883  0.532960  0.002990  0.000001  0.001708  0.000348  0.000001
0.000534  0.253534  0.001638  0.000376  0.000001  0.000154  0.002276  0.000302  0.000734  0.000001  0.178305  0.000001  0.000001  0.000001  0.000800  0.044565  0.002764  0.506287  0.004408  0.000001  0.003268  0.000048  0.000001
0.001688  0.217047  0.001590  0.000670  0.000001  0.000001  0.002288  0.000001  0.000565  0.000001  0.181445  0.000001  0.000001  0.000001  0.000501  0.031660  0.005894  0.552204  0.002691  0.000001  0.001604  0.000141  0.000001
0.002099  0.097031  0.011599  0.003132  0.000001  0.000054  0.017523  0.000127  0.003766  0.000001  0.000755  0.000001  0.000001  0.000001  0.011761  0.288613  0.037042  0.500588  0.005822  0.000001  0.013503  0.006573  0.000001
0.000001  0.098574  0.005825  0.001418  0.000001  0.000001  0.009326  0.001207  0.004986  0.000001  0.000424  0.000001  0.000001  0.000001  0.011130  0.316002  0.048690  0.484713  0.006497  0.000001  0.007595  0.003601  0.000001
0.005676  0.202479  0.007394  0.003971  0.000001  0.002657  0.007438  0.004497  0.007364  0.000001  0.042098  0.000001  0.000001  0.000001  0.008920  0.192637  0.040846  0.437045  0.014881  0.000001  0.018616  0.003473  0.000001
0.009180  0.147266  0.014664  0.001157  0.000001  0.001249  0.012214  0.001430  0.002885  0.000001  0.038957  0.000001  0.000001  0.000001  0.007135  0.154185  0.022140  0.554292  0.009378  0.000001  0.019871  0.003988  0.000001
0.006876  0.189636  0.022506  0.005342  0.000001  0.001617  0.029430  0.000849  0.005273  0.000001  0.024537  0.000001  0.000001  0.000001  0.011117  0.142671  0.027983  0.500624  0.012967  0.000001  0.012682  0.005882  0.000001
0.009763  0.156948  0.009586  0.003028  0.000001  0.000374  0.012010  0.003452  0.010147  0.000001  0.043481  0.000001  0.000001  0.000001  0.007873  0.171757  0.019066  0.519492  0.011565  0.000001  0.015788  0.005662  0.000001
0.006687  0.205350  0.014170  0.003288  0.000001  0.000125  0.014337  0.002889  0.004242  0.000001  0.021611  0.000001  0.000001  0.000001  0.007871  0.134877  0.040129  0.515269  0.012738  0.000001  0.014153  0.002256  0.000001
0.007021  0.191325  0.010103  0.003227  0.000001  0.001076  0.013164  0.003415  0.004030  0.000001  0.036182  0.000001  0.000001  0.000001  0.007306  0.157985  0.022637  0.510687  0.013575  0.000001  0.013339  0.004920  0.000001
0.002590  0.130363  0.012937  0.008028  0.000001  0.000398  0.008131  0.001546  0.007174  0.000001  0.031885  0.000001  0.000001  0.000001  0.007327  0.173028  0.048118  0.535691  0.009930  0.000001  0.018102  0.004743  0.000001
0.002471  0.237224  0.009095  0.000001  0.000001  0.000946  0.013294  0.001873  0.004313  0.000001  0.027863  0.000001  0.000001  0.000001  0.005426  0.135149  0.039526  0.489583  0.022427  0.000001  0.010300  0.000501  0.000001
0.004289  0.117140  0.014171  0.002983  0.000001  0.000020  0.016026  0.001033  0.006475  0.000001  0.002110  0.000001  0.000001  0.000001  0.008222  0.258718  0.046305  0.502741  0.006316  0.000001  0.006706  0.006735  0.000001
0.004008  0.111513  0.015186  0.001535  0.000001  0.000297  0.012892  0.000531  0.008346  0.000001  0.002612  0.000001  0.000001  0.000001  0.010853  0.289182  0.054137  0.471168  0.007233  0.000001  0.006038  0.004460  0.000001
0.005744  0.124780  0.007283  0.002016  0.000001  0.001217  0.005965  0.000380  0.006356  0.000001  0.001282  0.000001  0.000001  0.000001  0.010019  0.228256  0.057215  0.526909  0.006449  0.000001  0.007598  0.008521  0.000001
0.001221  0.060519  0.003465  0.000961  0.000001  0.000001  0.006772  0.000001  0.003633  0.000001  0.000233  0.000001  0.000001  0.000001  0.011542  0.416046  0.035771  0.448623  0.003608  0.000001  0.004194  0.003400  0.000001
0.001560  0.081561  0.004379  0.001091  0.000001  0.000001  0.012631  0.000319  0.002774  0.000001  0.000328  0.000001  0.000001  0.000001  0.009353  0.382415  0.051212  0.437675  0.003504  0.000001  0.007415  0.003771  0.000001
0.003199  0.058172  0.011409  0.002746  0.000001  0.000188  0.019265  0.000001  0.003108  0.000001  0.000545  0.000001  0.000001  0.000001  0.009925  0.264950  0.055908  0.547868  0.008384  0.000001  0.005061  0.009262  0.000001
0.001896  0.066166  0.008820  0.002778  0.000001  0.000016  0.020201  0.000001  0.002357  0.000001  0.000020  0.000001  0.000001  0.000001  0.008024  0.315085  0.059756  0.500831  0.005242  0.000001  0.002399  0.006399  0.000001
0.000978  0.139478  0.010852  0.001927  0.000001  0.000001  0.007982  0.000057  0.005582  0.000001  0.001234  0.000001  0.000001  0.000001  0.014367  0.281960  0.055253  0.454648  0.008141  0.000001  0.010942  0.006590  0.000001
0.003795  0.169544  0.010341  0.002525  0.000001  0.001128  0.026396  0.004101  0.004377  0.000001  0.021405  0.000001  0.000001  0.000001  0.009777  0.160296  0.036245  0.516070  0.021440  0.000001  0.006418  0.006133  0.000001
0.003367  0.093789  0.012559  0.002955  0.000001  0.000001  0.009062  0.000659  0.004308  0.000001  0.000319  0.000001  0.000001  0.000001  0.009932  0.316229  0.059847  0.472165  0.005687  0.000001  0.004693  0.004419  0.000001
0.006100  0.070324  0.008447  0.001425  0.000001  0.001761  0.014980  0.000923  0.003659  0.000001  0.001016  0.000001  0.000001  0.000001  0.011571  0.312468  0.042933  0.498998  0.002557  0.000001  0.013243  0.009587  0.000001
0.000001  0.015758  0.000001  0.000001  0.000001  0.000001  0.000001  0.000001  0.000001  0.000001  0.000001  0.000001  0.000001  0.000001  0.000001  0.910901  0.000001  0.073316  0.000001  0.000001  0.000001  0.000001  0.000001
0.000001  0.008027  0.000001  0.000001  0.000001  0.000001  0.000001  0.000001  0.000001  0.000001  0.000001  0.000001  0.000001  0.000001  0.000001  0.948392  0.000001  0.043557  0.000001  0.000001  0.000001  0.000001  0.000001
0.000001  0.004879  0.000001  0.000001  0.000001  0.000001  0.000001  0.000001  0.000001  0.000001  0.000001  0.000001  0.000001  0.000001  0.000001  0.938597  0.000001  0.056500  0.000001  0.000001  0.000001  0.000001  0.000001
0.000001  0.004577  0.000001  0.000001  0.000001  0.000001  0.000001  0.000001  0.000001  0.000001  0.000001  0.000001  0.000001  0.000001  0.000001  0.943630  0.000001  0.051769  0.000001  0.000001  0.000001  0.000001  0.000001
0.000001  0.006454  0.000001  0.000001  0.000001  0.000001  0.000001  0.000001  0.000001  0.000001  0.000001  0.000001  0.000001  0.000001  0.000001  0.949552  0.000001  0.043970  0.000001  0.000001  0.000001  0.000001  0.000001
0.000001  0.006612  0.000001  0.000001  0.000001  0.000001  0.000001  0.000001  0.000001  0.000001  0.000001  0.000001  0.000001  0.000001  0.000001  0.946088  0.000001  0.047274  0.000001  0.000001  0.000001  0.000001  0.000001
0.000001  0.008032  0.000001  0.000001  0.000001  0.000001  0.000001  0.000001  0.000001  0.000001  0.000001  0.000001  0.000001  0.000001  0.000001  0.935801  0.000001  0.056143  0.000001  0.000001  0.000001  0.000001  0.000001
0.000001  0.024759  0.000001  0.000001  0.000001  0.000001  0.000001  0.000001  0.000001  0.000001  0.000001  0.000001  0.000001  0.000001  0.000001  0.830146  0.000059  0.145010  0.000001  0.000001  0.000001  0.000001  0.000001
0.000001  0.009262  0.000001  0.000001  0.000001  0.000001  0.000001  0.000001  0.000001  0.000001  0.000001  0.000001  0.000001  0.000001  0.000001  0.929360  0.000001  0.061353  0.000001  0.000001  0.000001  0.000001  0.000001
0.000001  0.006256  0.000001  0.000001  0.000001  0.000001  0.000001  0.000001  0.000001  0.000001  0.000001  0.000001  0.000001  0.000001  0.000001  0.946231  0.000001  0.047488  0.000001  0.000001  0.000001  0.000001  0.000001
0.000001  0.012107  0.000001  0.000001  0.000001  0.000001  0.000001  0.000001  0.000001  0.000001  0.000001  0.000001  0.000001  0.000001  0.000001  0.917320  0.000001  0.070546  0.000001  0.000001  0.000001  0.000001  0.000001
0.000001  0.027587  0.000001  0.000001  0.000001  0.000001  0.000001  0.000001  0.000001  0.000001  0.000001  0.000001  0.000001  0.000001  0.000001  0.802266  0.000001  0.170119  0.000001  0.000001  0.000001  0.000001  0.000001
0.000001  0.008259  0.000001  0.000001  0.000001  0.000001  0.000001  0.000001  0.000001  0.000001  0.000001  0.000001  0.000001  0.000001  0.000001  0.945126  0.000001  0.046590  0.000001  0.000001  0.000001  0.000001  0.000001
0.000001  0.006493  0.000001  0.000001  0.000001  0.000001  0.000001  0.000001  0.000001  0.000001  0.000001  0.000001  0.000001  0.000001  0.000001  0.927958  0.000001  0.065525  0.000001  0.000001  0.000001  0.000001  0.000001
0.000001  0.005339  0.000001  0.000001  0.000001  0.000001  0.000001  0.000001  0.000001  0.000001  0.000001  0.000001  0.000001  0.000001  0.000001  0.963534  0.000001  0.031103  0.000001  0.000001  0.000001  0.000001  0.000001
0.000001  0.006265  0.000001  0.000001  0.000001  0.000001  0.000001  0.000001  0.000001  0.000001  0.000001  0.000001  0.000001  0.000001  0.000001  0.948360  0.000001  0.045350  0.000001  0.000001  0.000001  0.000001  0.000001
0.000001  0.026032  0.000001  0.000001  0.000001  0.000001  0.000001  0.000001  0.000001  0.000001  0.000001  0.000001  0.000001  0.000001  0.000001  0.799384  0.000091  0.174467  0.000001  0.000001  0.000001  0.000001  0.000001
0.001417  0.049188  0.008395  0.000259  0.000001  0.000140  0.006646  0.000001  0.001108  0.000001  0.000166  0.000001  0.000001  0.000001  0.009306  0.448042  0.036058  0.427783  0.001572  0.000001  0.001279  0.008631  0.000001
0.000058  0.049778  0.000129  0.000884  0.000002  0.000002  0.007415  0.000002  0.000002  0.000002  0.000002  0.000002  0.000002  0.000002  0.007482  0.481550  0.038754  0.407547  0.002045  0.000002  0.002531  0.001808  0.000002
0.001060  0.077904  0.001755  0.000001  0.000001  0.000022  0.006825  0.000001  0.002714  0.000001  0.000001  0.000001  0.000001  0.000001  0.008935  0.471834  0.041270  0.379022  0.002823  0.000001  0.002693  0.003132  0.000001
0.000001  0.095793  0.003016  0.000225  0.000001  0.000001  0.006687  0.000001  0.002574  0.000001  0.000083  0.000001  0.000001  0.000001  0.008726  0.482634  0.022722  0.370757  0.001827  0.000001  0.002439  0.002505  0.000001
0.000192  0.123066  0.001239  0.000087  0.000001  0.000001  0.005847  0.000219  0.003678  0.000001  0.000029  0.000001  0.000001  0.000001  0.011712  0.451911  0.040796  0.354494  0.003509  0.000001  0.001534  0.001677  0.000001
0.002557  0.024175  0.007765  0.000960  0.000001  0.000001  0.010573  0.000001  0.002261  0.000001  0.000453  0.000001  0.000001  0.000001  0.006441  0.475770  0.030934  0.425827  0.001483  0.000001  0.003600  0.007191  0.000001
0.002046  0.050343  0.004584  0.000645  0.000001  0.000001  0.007916  0.000001  0.001332  0.000001  0.000069  0.000001  0.000001  0.000001  0.005186  0.454294  0.031463  0.437929  0.001477  0.000001  0.001439  0.001266  0.000001
0.000257  0.071382  0.006217  0.000529  0.000001  0.000001  0.004903  0.000001  0.001291  0.000001  0.000308  0.000001  0.000001  0.000001  0.006840  0.452690  0.036427  0.412064  0.000764  0.000001  0.003031  0.003285  0.000001
0.000716  0.085964  0.001247  0.001278  0.000001  0.000001  0.006212  0.000209  0.000388  0.000001  0.000001  0.000001  0.000001  0.000001  0.002578  0.458389  0.038493  0.392563  0.003371  0.000001  0.004048  0.004531  0.000001
0.004226  0.124093  0.014355  0.002457  0.000001  0.001201  0.018112  0.000540  0.003727  0.000001  0.001513  0.000001  0.000001  0.000001  0.011887  0.302093  0.037593  0.458779  0.011404  0.000001  0.004346  0.003666  0.000001
0.003456  0.148771  0.008834  0.001352  0.000001  0.000001  0.014444  0.001505  0.004569  0.000001  0.000399  0.000001  0.000001  0.000001  0.009839  0.336868  0.038296  0.418613  0.005296  0.000001  0.005453  0.002295  0.000001
0.001680  0.141347  0.004157  0.000573  0.000001  0.000554  0.011123  0.001572  0.002237  0.000001  0.001215  0.000001  0.000001  0.000001  0.006757  0.328949  0.048917  0.438080  0.004682  0.000001  0.003930  0.004217  0.000001
0.000957  0.114953  0.006838  0.000990  0.000001  0.000252  0.008040  0.000443  0.006012  0.000001  0.000485  0.000001  0.000001  0.000001  0.014378  0.345428  0.038844  0.438440  0.009234  0.000001  0.007327  0.007371  0.000001
0.001373  0.096120  0.006861  0.001185  0.000001  0.000001  0.009546  0.000001  0.002899  0.000001  0.000353  0.000001  0.000001  0.000001  0.005909  0.354368  0.046345  0.460774  0.007077  0.000001  0.004736  0.002443  0.000001
0.001064  0.139737  0.002183  0.001478  0.000001  0.000001  0.011172  0.000001  0.005043  0.000001  0.000379  0.000001  0.000001  0.000001  0.010849  0.351556  0.056114  0.412532  0.003610  0.000001  0.002770  0.001501  0.000001
0.000775  0.063899  0.001833  0.002622  0.000001  0.000001  0.004421  0.000001  0.003472  0.000001  0.000208  0.000001  0.000001  0.000001  0.008528  0.460575  0.036157  0.409797  0.003053  0.000001  0.001782  0.002866  0.000001
0.000001  0.003440  0.000001  0.000001  0.000001  0.000001  0.000001  0.000001  0.000001  0.000001  0.000001  0.000001  0.000001  0.000001  0.000001  0.952798  0.000001  0.043737  0.000001  0.000001  0.000001  0.000001  0.000001
0.000001  0.001904  0.000001  0.000001  0.000001  0.000001  0.000001  0.000001  0.000001  0.000001  0.000001  0.000001  0.000001  0.000001  0.000001  0.935316  0.000001  0.062755  0.000001  0.000001  0.000001  0.000001  0.000001
0.002718  0.067635  0.003374  0.001159  0.000001  0.000175  0.007818  0.000001  0.003055  0.000001  0.000001  0.000001  0.000001  0.000001  0.009326  0.455408  0.034791  0.405111  0.002820  0.000001  0.001139  0.005462  0.000001
0.000473  0.085285  0.006026  0.001365  0.000001  0.000001  0.008936  0.000354  0.001505  0.000001  0.000123  0.000001  0.000001  0.000001  0.011397  0.434877  0.030617  0.403928  0.004030  0.000001  0.004210  0.006862  0.000001
0.006476  0.207804  0.011765  0.003645  0.000001  0.001816  0.021192  0.000493  0.009574  0.000001  0.003408  0.000001  0.000001  0.000001  0.011337  0.173700  0.031118  0.474465  0.020939  0.000001  0.017888  0.004374  0.000001
0.013388  0.113698  0.022519  0.002847  0.000001  0.002068  0.020648  0.000503  0.010737  0.000001  0.009200  0.000001  0.000001  0.000001  0.014851  0.181310  0.034704  0.542055  0.010083  0.000001  0.012624  0.008757  0.000001
0.008693  0.143199  0.016552  0.005489  0.000001  0.000401  0.011935  0.000535  0.006133  0.000001  0.004684  0.000001  0.000001  0.000001  0.009297  0.171273  0.041455  0.546377  0.018916  0.000001  0.010423  0.004628  0.000001
0.007830  0.127653  0.020391  0.002333  0.000001  0.000617  0.015466  0.000507  0.007809  0.000001  0.006482  0.000001  0.000001  0.000001  0.010006  0.187588  0.062616  0.518139  0.009805  0.000001  0.017654  0.005095  0.000001
0.006063  0.140402  0.022984  0.005322  0.000001  0.001587  0.018898  0.000699  0.009832  0.000001  0.006039  0.000001  0.000001  0.000001  0.005346  0.200741  0.032484  0.510628  0.016853  0.000001  0.016674  0.005438  0.000001
0.005078  0.118664  0.015465  0.003720  0.000001  0.000977  0.020037  0.001167  0.007253  0.000001  0.006023  0.000001  0.000001  0.000001  0.008526  0.220120  0.051658  0.523798  0.008845  0.000001  0.005958  0.002701  0.000001
0.006554  0.146078  0.023218  0.005811  0.000001  0.000181  0.014429  0.004060  0.010004  0.000001  0.006579  0.000001  0.000001  0.000001  0.016334  0.175200  0.026804  0.527322  0.015924  0.000001  0.014085  0.007408  0.000001
0.008679  0.102765  0.024358  0.006722  0.000001  0.001713  0.021175  0.000259  0.004852  0.000001  0.013181  0.000001  0.000001  0.000001  0.008407  0.190558  0.020265  0.553988  0.011848  0.000001  0.015281  0.015941  0.000001
0.005608  0.176857  0.022901  0.002072  0.000001  0.002300  0.030879  0.001943  0.003864  0.000001  0.004227  0.000001  0.000001  0.000001  0.011758  0.172815  0.026765  0.503848  0.011934  0.000001  0.012514  0.009705  0.000001
0.006539  0.138451  0.014809  0.005275  0.000001  0.002129  0.022688  0.001016  0.004393  0.000001  0.007541  0.000001  0.000001  0.000001  0.006998  0.197199  0.053037  0.505370  0.013997  0.000001  0.010814  0.009734  0.000003
0.004212  0.155544  0.014429  0.004320  0.000001  0.001443  0.010541  0.002344  0.006517  0.000001  0.005384  0.000001  0.000001  0.000001  0.003977  0.170277  0.039530  0.538419  0.023147  0.000001  0.016174  0.003732  0.000001
0.000001  0.007321  0.000001  0.000001  0.000001  0.000001  0.000001  0.000001  0.000001  0.000001  0.000001  0.000001  0.000001  0.000001  0.000001  0.931839  0.000001  0.060816  0.000001  0.000001  0.000001  0.000001  0.000001
0.000001  0.007167  0.000001  0.000001  0.000001  0.000001  0.000001  0.000001  0.000001  0.000001  0.000001  0.000001  0.000001  0.000001  0.000001  0.946654  0.000001  0.046155  0.000001  0.000001  0.000001  0.000001  0.000001
0.000001  0.004599  0.000001  0.000001  0.000001  0.000001  0.000001  0.000001  0.000001  0.000001  0.000001  0.000001  0.000001  0.000001  0.000001  0.934148  0.000001  0.061229  0.000001  0.000001  0.000001  0.000001  0.000001
0.000001  0.006418  0.000001  0.000001  0.000001  0.000001  0.000001  0.000001  0.000001  0.000001  0.000001  0.000001  0.000001  0.000001  0.000001  0.944866  0.000001  0.048691  0.000001  0.000001  0.000001  0.000001  0.000001
0.000001  0.010362  0.000001  0.000001  0.000001  0.000001  0.000001  0.000001  0.000001  0.000001  0.000001  0.000001  0.000001  0.000001  0.000001  0.944339  0.000001  0.045274  0.000001  0.000001  0.000001  0.000001  0.000001
0.000001  0.005134  0.000001  0.000001  0.000001  0.000001  0.000001  0.000001  0.000001  0.000001  0.000001  0.000001  0.000001  0.000001  0.000001  0.938147  0.000001  0.056694  0.000001  0.000001  0.000001  0.000001  0.000001
0.005136  0.081490  0.005741  0.001464  0.000001  0.000975  0.020858  0.000228  0.002377  0.000001  0.001501  0.000001  0.000001  0.000001  0.010682  0.278252  0.030416  0.532793  0.006918  0.000001  0.014810  0.006352  0.000001
