0.000269  0.000273  0.228468  0.251869  0.015873  0.014893  0.001443  0.286519  0.000001  0.061954  0.018018  0.000001  0.064263  0.000011  0.000001  0.051854  0.000001  0.004209  0.000001  0.000076
0.005222  0.001694  0.184661  0.259722  0.037867  0.047387  0.012757  0.179910  0.002619  0.110015  0.022931  0.000056  0.055021  0.010489  0.000001  0.050035  0.000001  0.012467  0.002686  0.004459
0.000001  0.000001  0.033041  0.957178  0.000164  0.000001  0.000001  0.006028  0.000001  0.000599  0.000368  0.000001  0.002106  0.000001  0.000001  0.000498  0.000001  0.000001  0.000001  0.000001
0.005142  0.002468  0.191884  0.215083  0.035618  0.038194  0.017509  0.199777  0.005224  0.125772  0.015154  0.000796  0.051776  0.002662  0.000001  0.084076  0.000001  0.007623  0.000001  0.001238
0.003528  0.000466  0.281199  0.161311  0.038025  0.051945  0.014883  0.128151  0.005779  0.101126  0.029035  0.000001  0.059574  0.017236  0.000001  0.071563  0.000001  0.022368  0.003745  0.010062
0.004064  0.001898  0.329762  0.178987  0.027487  0.039101  0.020931  0.149495  0.002965  0.083062  0.025560  0.000001  0.037983  0.004899  0.000001  0.070177  0.000001  0.015737  0.000508  0.007379
0.006283  0.001751  0.191164  0.147442  0.028886  0.028694  0.012138  0.251991  0.004911  0.112715  0.042542  0.001841  0.054651  0.006164  0.000001  0.082125  0.000001  0.017198  0.002229  0.007273
0.011214  0.000682  0.228672  0.154029  0.019724  0.043897  0.017729  0.120457  0.006249  0.112423  0.032285  0.000002  0.032044  0.012475  0.000002  0.185687  0.000002  0.008776  0.000002  0.013649
0.009692  0.003808  0.272505  0.120030  0.037343  0.031589  0.009653  0.202224  0.002200  0.117392  0.029217  0.001277  0.026227  0.010137  0.000001  0.099375  0.000001  0.017901  0.003134  0.006294
0.010744  0.001408  0.271837  0.115806  0.029508  0.039855  0.012452  0.156836  0.003797  0.109769  0.033284  0.001372  0.045433  0.008070  0.000001  0.126799  0.000001  0.020540  0.002352  0.010136
0.006691  0.003288  0.214816  0.156565  0.067619  0.027977  0.019659  0.101757  0.009467  0.068962  0.028892  0.005118  0.059318  0.015800  0.000001  0.167900  0.000001  0.022940  0.007938  0.015288
0.004592  0.001487  0.234100  0.146355  0.026244  0.028764  0.012646  0.262686  0.003175  0.081171  0.026455  0.000127  0.051839  0.005768  0.000001  0.100572  0.000001  0.009359  0.000001  0.004657
0.008842  0.001178  0.219767  0.172204  0.032692  0.020548  0.017610  0.217914  0.005594  0.094575  0.036772  0.000006  0.065193  0.002927  0.000001  0.090095  0.000001  0.007600  0.000001  0.006478
0.009462  0.000002  0.266471  0.136669  0.023463  0.029706  0.014618  0.107558  0.002529  0.144896  0.036619  0.000523  0.050647  0.008607  0.000002  0.146302  0.000002  0.008210  0.003443  0.010269
0.000002  0.000002  0.018027  0.967079  0.000288  0.000002  0.000002  0.008105  0.000002  0.001245  0.001075  0.000002  0.002355  0.000002  0.000002  0.001805  0.000002  0.000002  0.000002  0.000002
0.000002  0.000002  0.022881  0.969779  0.000002  0.000002  0.000002  0.005776  0.000002  0.000002  0.000725  0.000002  0.000815  0.000002  0.000002  0.000002  0.000002  0.000002  0.000002  0.000002
0.000001  0.000001  0.029994  0.959741  0.000198  0.000001  0.000001  0.005380  0.000001  0.000936  0.000974  0.000001  0.001673  0.000001  0.000001  0.001087  0.000001  0.000001  0.000001  0.000001
0.000001  0.000001  0.024108  0.965084  0.000102  0.000001  0.000001  0.006348  0.000001  0.000339  0.000716  0.000001  0.001576  0.000001  0.000001  0.001711  0.000001  0.000001  0.000001  0.000001
0.000002  0.000002  0.021342  0.975237  0.000002  0.000002  0.000002  0.002702  0.000002  0.000002  0.000219  0.000002  0.000474  0.000002  0.000002  0.000002  0.000002  0.000002  0.000002  0.000002
0.000001  0.000001  0.013881  0.979102  0.000001  0.000001  0.000001  0.004562  0.000001  0.000397  0.000295  0.000001  0.001742  0.000001  0.000001  0.000001  0.000001  0.000001  0.000001  0.000001
0.001283  0.000001  0.227213  0.289170  0.017760  0.016938  0.008577  0.215100  0.003667  0.064937  0.038486  0.000029  0.069719  0.002974  0.000001  0.028352  0.000001  0.011258  0.002329  0.002204
0.004537  0.000704  0.257653  0.213885  0.019592  0.027327  0.014079  0.199027  0.001539  0.076591  0.026661  0.000001  0.079268  0.009108  0.000001  0.036513  0.000001  0.026843  0.001981  0.004688
0.000984  0.000341  0.254215  0.356695  0.017414  0.008154  0.003495  0.201840  0.000266  0.046642  0.010088  0.000002  0.062845  0.001983  0.000002  0.033036  0.000002  0.001996  0.000002  0.000002
0.000765  0.000002  0.122281  0.382308  0.029334  0.014964  0.001585  0.250121  0.000417  0.045502  0.028328  0.000002  0.050637  0.004357  0.000002  0.063849  0.000002  0.005543  0.000002  0.000002
0.003715  0.000811  0.131385  0.398143  0.020121  0.016433  0.006142  0.219878  0.000819  0.063376  0.014692  0.000001  0.078226  0.002560  0.000001  0.035609  0.000001  0.007354  0.000001  0.000730
0.000001  0.000001  0.060439  0.829525  0.002852  0.000310  0.000001  0.071951  0.000001  0.005131  0.007461  0.000001  0.015305  0.000001  0.000001  0.006325  0.000001  0.000686  0.000001  0.000001
0.004622  0.000001  0.216830  0.360514  0.026257  0.027470  0.006145  0.160746  0.002755  0.029263  0.040067  0.000001  0.057198  0.002977  0.000001  0.047511  0.000001  0.011403  0.000243  0.005993
0.007640  0.000002  0.309552  0.044161  0.020973  0.038456  0.018875  0.105792  0.005540  0.124539  0.033924  0.000002  0.016214  0.013612  0.000002  0.243505  0.000002  0.006601  0.001926  0.008683
0.000001  0.000001  0.035062  0.955431  0.000235  0.000001  0.000001  0.005214  0.000001  0.001178  0.000707  0.000001  0.001365  0.000001  0.000001  0.000697  0.000001  0.000097  0.000001  0.000001
0.005474  0.000793  0.126808  0.342358  0.031503  0.029867  0.005763  0.272121  0.004332  0.060757  0.020491  0.000001  0.065021  0.002335  0.000001  0.026455  0.000001  0.005228  0.000028  0.000661
0.000001  0.000001  0.076907  0.826659  0.002703  0.001444  0.000001  0.061205  0.000001  0.005916  0.004043  0.000001  0.010354  0.000001  0.000001  0.010754  0.000001  0.000001  0.000001  0.000001
0.000001  0.000001  0.032704  0.958727  0.000019  0.000001  0.000001  0.006276  0.000001  0.000625  0.000348  0.000001  0.001042  0.000001  0.000001  0.000243  0.000001  0.000001  0.000001  0.000001
0.000001  0.000001  0.000001  0.000001  0.000001  0.000001  0.000001  0.000287  0.000001  0.000001  0.000001  0.000581  0.000001  0.006447  0.992426  0.000001  0.000001  0.000001  0.000238  0.000001
0.000001  0.000001  0.000001  0.000001  0.000001  0.000001  0.000001  0.000001  0.000001  0.000001  0.000001  0.000451  0.000001  0.005798  0.992844  0.000001  0.000001  0.000068  0.000817  0.000001
0.000001  0.000001  0.000001  0.000001  0.000001  0.000001  0.000001  0.000156  0.000001  0.000001  0.000001  0.000085  0.000001  0.006013  0.993491  0.000001  0.000001  0.000001  0.000233  0.000001
0.000001  0.000001  0.000001  0.000001  0.000001  0.000001  0.000001  0.000007  0.000001  0.000001  0.000001  0.000259  0.000001  0.004473  0.994734  0.000001  0.000001  0.000178  0.000328  0.000001
0.000001  0.000001  0.000001  0.000001  0.000001  0.000001  0.000001  0.000149  0.000001  0.000001  0.000001  0.000084  0.000001  0.004110  0.995599  0.000001  0.000001  0.000001  0.000036  0.000001
0.000001  0.000001  0.000001  0.000001  0.000001  0.000001  0.000001  0.000001  0.000001  0.000001  0.000001  0.000300  0.000001  0.003826  0.995774  0.000001  0.000001  0.000001  0.000077  0.000001
0.000001  0.000001  0.000001  0.000001  0.000001  0.000001  0.000001  0.000001  0.000001  0.000001  0.000001  0.000422  0.000001  0.004224  0.995321  0.000001  0.000001  0.000001  0.000010  0.000001
0.000002  0.000002  0.000002  0.000002  0.000002  0.000002  0.000002  0.000002  0.000002  0.000002  0.000002  0.000157  0.000002  0.005248  0.994466  0.000002  0.000002  0.000002  0.000100  0.000002
0.000001  0.000001  0.000001  0.000001  0.000001  0.000001  0.000001  0.000078  0.000001  0.000001  0.000054  0.001269  0.000001  0.008531  0.988288  0.000001  0.000001  0.000383  0.001377  0.000001
0.000001  0.000001  0.000001  0.000001  0.000001  0.000001  0.000001  0.000001  0.000001  0.000001  0.000001  0.001075  0.000001  0.007618  0.990996  0.000001  0.000001  0.000027  0.000262  0.000001
0.000001  0.000001  0.000001  0.000001  0.000001  0.000001  0.000001  0.000001  0.000001  0.000001  0.000001  0.000436  0.000001  0.005810  0.993651  0.000001  0.000001  0.000080  0.000001  0.000001
0.001007  0.000001  0.187037  0.422030  0.037249  0.015577  0.004998  0.172390  0.001438  0.049997  0.009802  0.000001  0.056492  0.000123  0.000001  0.031595  0.000001  0.009989  0.000001  0.000269
0.003362  0.000680  0.254271  0.314771  0.035561  0.023866  0.010702  0.172953  0.000920  0.057341  0.021246  0.000001  0.042909  0.001090  0.000001  0.044370  0.000001  0.011314  0.000508  0.004131
0.000001  0.000001  0.041953  0.869448  0.000311  0.000906  0.000001  0.065988  0.000001  0.003613  0.002165  0.000001  0.009457  0.000001  0.000001  0.006144  0.000001  0.000001  0.000001  0.000001
0.000001  0.000001  0.014284  0.975815  0.000035  0.000001  0.000001  0.005656  0.000001  0.000479  0.000524  0.000001  0.000632  0.000001  0.000001  0.002558  0.000001  0.000001  0.000001  0.000001
0.000001  0.000001  0.026401  0.965041  0.000199  0.000001  0.000001  0.005100  0.000001  0.000801  0.000114  0.000001  0.000852  0.000001  0.000001  0.001476  0.000001  0.000001  0.000001  0.000001
0.000001  0.000001  0.026805  0.962636  0.000104  0.000001  0.000001  0.004812  0.000001  0.001034  0.001067  0.000001  0.002340  0.000001  0.000001  0.001186  0.000001  0.000001  0.000001  0.000001
0.000001  0.000001  0.025110  0.967807  0.000001  0.000001  0.000001  0.004917  0.000001  0.000027  0.000839  0.000001  0.000556  0.000001  0.000001  0.000727  0.000001  0.000001  0.000001  0.000001
0.000001  0.000001  0.022106  0.965373  0.000453  0.000001  0.000001  0.006026  0.000001  0.002108  0.001091  0.000001  0.001021  0.000001  0.000001  0.001805  0.000001  0.000001  0.000001  0.000001
0.001581  0.001152  0.216969  0.371362  0.025641  0.009410  0.000002  0.235040  0.000002  0.033427  0.012537  0.000002  0.055396  0.003805  0.000002  0.025297  0.000002  0.005935  0.000792  0.001647
0.000039  0.000001  0.185256  0.393457  0.018974  0.012084  0.001224  0.199999  0.000001  0.058468  0.013772  0.000001  0.065534  0.002380  0.000001  0.045041  0.000001  0.003762  0.000001  0.000001
0.000001  0.000001  0.052655  0.928221  0.000819  0.000261  0.000001  0.009179  0.000001  0.001909  0.000749  0.000001  0.001479  0.000001  0.000001  0.004713  0.000001  0.000001  0.000001  0.000001
0.000001  0.000001  0.043352  0.937007  0.000440  0.000143  0.000001  0.007417  0.000001  0.000963  0.002266  0.000001  0.002466  0.000001  0.000001  0.005930  0.000001  0.000001  0.000001  0.000001
0.000001  0.000001  0.030847  0.954624  0.000353  0.000001  0.000001  0.009702  0.000001  0.000773  0.000948  0.000001  0.001532  0.000001  0.000001  0.001204  0.000001  0.000001  0.000001  0.000001
0.000002  0.000002  0.140359  0.767919  0.003155  0.000772  0.000002  0.057142  0.000002  0.004253  0.003449  0.000002  0.015888  0.000002  0.000002  0.006020  0.000002  0.001027  0.000002  0.000002
0.000001  0.000001  0.027865  0.963104  0.000185  0.000001  0.000001  0.004616  0.000001  0.000749  0.000950  0.000001  0.002344  0.000001  0.000001  0.000171  0.000001  0.000001  0.000001  0.000001
0.000001  0.000001  0.038795  0.943676  0.000817  0.000001  0.000001  0.008546  0.000001  0.001918  0.002262  0.000001  0.001271  0.000001  0.000001  0.002697  0.000001  0.000001  0.000001  0.000001
0.000001  0.000001  0.034230  0.950977  0.000101  0.000001  0.000001  0.011266  0.000001  0.000084  0.001082  0.000001  0.001945  0.000001  0.000001  0.000297  0.000001  0.000001  0.000001  0.000001
0.000001  0.000001  0.036279  0.941756  0.000158  0.000001  0.000001  0.011032  0.000001  0.002153  0.001959  0.000001  0.002967  0.000001  0.000001  0.003638  0.000001  0.000042  0.000001  0.000001
0.000001  0.000001  0.038652  0.944701  0.000136  0.000001  0.000001  0.009990  0.000001  0.001621  0.000868  0.000001  0.002685  0.000001  0.000001  0.001329  0.000001  0.000001  0.000001  0.000001
0.000001  0.000001  0.047900  0.927966  0.000293  0.000012  0.000001  0.010683  0.000001  0.001647  0.001638  0.000001  0.003436  0.000001  0.000001  0.006410  0.000001  0.000001  0.000001  0.000001
0.010270  0.002092  0.261381  0.037065  0.016596  0.061013  0.013055  0.141899  0.001377  0.075450  0.047257  0.004007  0.037635  0.021262  0.055262  0.185740  0.000001  0.015324  0.006793  0.006518
0.006275  0.000078  0.266968  0.033382  0.026945  0.044109  0.022143  0.127549  0.003377  0.098717  0.033986  0.001232  0.057969  0.009503  0.006152  0.227617  0.000001  0.015957  0.003654  0.014384
0.013033  0.000001  0.234054  0.092001  0.020216  0.027482  0.008523  0.121850  0.000197  0.047000  0.045921  0.001827  0.057646  0.033535  0.016239  0.245541  0.000001  0.018380  0.006000  0.010551
0.006644  0.000001  0.360882  0.028084  0.032927  0.038598  0.006650  0.148862  0.003003  0.056689  0.035284  0.000245  0.047526  0.037499  0.051591  0.119814  0.000001  0.014480  0.003238  0.007981
0.013749  0.001741  0.198356  0.023745  0.023036  0.056044  0.017303  0.118942  0.003419  0.105422  0.051066  0.007687  0.045276  0.065931  0.020404  0.195639  0.000001  0.017613  0.007772  0.026854
0.015839  0.004132  0.338622  0.027195  0.022518  0.049013  0.007788  0.082679  0.003248  0.103468  0.060876  0.000002  0.023639  0.012144  0.016547  0.194788  0.000002  0.010480  0.009246  0.017777
0.009683  0.000205  0.270344  0.067031  0.023241  0.028126  0.011604  0.108604  0.000138  0.092963  0.041159  0.000783  0.044894  0.018027  0.045099  0.210569  0.000001  0.016845  0.002809  0.007875
0.000001  0.000001  0.015944  0.973296  0.000032  0.000001  0.000001  0.006162  0.000001  0.000832  0.001173  0.000001  0.001876  0.000001  0.000001  0.000668  0.000001  0.000001  0.000001  0.000001
0.000001  0.000001  0.028954  0.959205  0.000450  0.000001  0.000001  0.005096  0.000001  0.001762  0.001209  0.000001  0.001063  0.000001  0.000001  0.002245  0.000001  0.000001  0.000001  0.000001
0.000001  0.000001  0.093747  0.760521  0.007522  0.004096  0.000001  0.069516  0.000001  0.012508  0.007155  0.000001  0.030338  0.000001  0.000001  0.013413  0.000001  0.001170  0.000001  0.000001
0.000001  0.000001  0.009070  0.983655  0.000337  0.000001  0.000001  0.004011  0.000001  0.000552  0.001040  0.000001  0.001316  0.000001  0.000001  0.000001  0.000001  0.000001  0.000001  0.000001
0.000001  0.000001  0.034290  0.956205  0.000178  0.000001  0.000001  0.004879  0.000001  0.000803  0.000924  0.000001  0.001085  0.000001  0.000001  0.001620  0.000001  0.000001  0.000001  0.000001
0.000001  0.000001  0.019100  0.970112  0.000128  0.000001  0.000001  0.004844  0.000001  0.000968  0.000758  0.000001  0.002081  0.000001  0.000001  0.001992  0.000001  0.000001  0.000001  0.000001
0.004689  0.001706  0.215233  0.215621  0.033000  0.051233  0.017601  0.128633  0.007791  0.063453  0.044155  0.000001  0.074915  0.008601  0.000001  0.110688  0.000001  0.009012  0.003572  0.010093
0.004643  0.000020  0.220075  0.180452  0.036132  0.023225  0.005903  0.248403  0.004403  0.052331  0.029881  0.000002  0.090937  0.005167  0.000002  0.076492  0.000002  0.014343  0.000002  0.007588
0.005700  0.000001  0.267484  0.138952  0.046011  0.017501  0.012586  0.172475  0.002966  0.124096  0.032143  0.000001  0.069558  0.005046  0.000001  0.090313  0.000001  0.008964  0.003179  0.003019
0.002872  0.004091  0.204814  0.113848  0.036153  0.033211  0.019107  0.283659  0.004538  0.048901  0.023629  0.000050  0.048853  0.010221  0.000001  0.144451  0.000001  0.015330  0.001060  0.005209
0.001635  0.000678  0.226922  0.187398  0.023790  0.027440  0.003564  0.187548  0.005470  0.073342  0.039061  0.000418  0.037096  0.014598  0.000001  0.156368  0.000001  0.011250  0.000490  0.002929
0.006123  0.000182  0.176983  0.245214  0.054864  0.041593  0.008657  0.162814  0.000830  0.087782  0.027763  0.001189  0.044202  0.011087  0.000001  0.119613  0.000001  0.007107  0.001938  0.002056
0.006552  0.000001  0.261008  0.101347  0.052020  0.018458  0.013915  0.207833  0.004372  0.143947  0.025357  0.000001  0.061329  0.006413  0.000001  0.084504  0.000001  0.004897  0.003445  0.004599
0.000709  0.000001  0.253036  0.262233  0.017109  0.017944  0.005292  0.175779  0.002070  0.096165  0.023314  0.000001  0.081800  0.002518  0.000001  0.051118  0.000001  0.007634  0.000001  0.003273
0.001772  0.000186  0.277709  0.338144  0.029947  0.021008  0.003561  0.117441  0.000450  0.044609  0.026317  0.000001  0.081130  0.000001  0.000001  0.044043  0.000001  0.009323  0.001123  0.003233
0.001726  0.000554  0.224813  0.314307  0.037221  0.018355  0.004792  0.213269  0.001220  0.053708  0.020533  0.000001  0.064208  0.003308  0.000001  0.034101  0.000001  0.004486  0.001399  0.001994
0.001106  0.000001  0.270110  0.295322  0.011061  0.021433  0.005960  0.220724  0.000012  0.054615  0.026344  0.000001  0.045833  0.002815  0.000001  0.037921  0.000001  0.004634  0.000001  0.002104
0.000001  0.001158  0.132328  0.363108  0.025394  0.018361  0.004970  0.183856  0.002106  0.063253  0.024248  0.000001  0.121874  0.001576  0.000001  0.043998  0.000001  0.013139  0.000088  0.000535
0.000001  0.000001  0.130139  0.366525  0.018186  0.028685  0.005181  0.226629  0.000001  0.044353  0.021158  0.000001  0.095280  0.004979  0.000001  0.053212  0.000001  0.004700  0.000223  0.000742
0.001243  0.000001  0.235497  0.315006  0.032139  0.022484  0.002883  0.153810  0.002052  0.057545  0.012310  0.000001  0.096185  0.005255  0.000001  0.045089  0.000001  0.012549  0.000962  0.004984
0.002561  0.000615  0.185448  0.354431  0.014301  0.015856  0.003441  0.224457  0.002252  0.072781  0.015825  0.000001  0.052658  0.000931  0.000001  0.040695  0.000001  0.009170  0.001820  0.002755
0.005355  0.001250  0.324374  0.079268  0.014423  0.027794  0.012444  0.083966  0.002287  0.068057  0.024575  0.001414  0.047904  0.013364  0.030795  0.230381  0.000001  0.017339  0.010096  0.004909
0.007304  0.000621  0.197043  0.042122  0.029547  0.036916  0.017970  0.104645  0.000783  0.074130  0.029811  0.002812  0.030819  0.017327  0.016961  0.341167  0.000001  0.020436  0.012310  0.017274
0.006711  0.000511  0.348650  0.072779  0.016960  0.040570  0.012930  0.090293  0.001461  0.085330  0.041865  0.001141  0.058149  0.009218  0.000001  0.190063  0.000001  0.010530  0.003290  0.009548
0.022572  0.002691  0.241176  0.040569  0.023741  0.052137  0.015109  0.100916  0.002832  0.121959  0.047790  0.002391  0.037614  0.015261  0.024626  0.196890  0.000001  0.025300  0.008259  0.018167
0.009833  0.000735  0.250639  0.072978  0.036758  0.045240  0.022815  0.090577  0.006137  0.092759  0.028200  0.001056  0.038556  0.015302  0.010554  0.242947  0.000001  0.017580  0.007845  0.009487
0.005089  0.000941  0.312988  0.058423  0.022861  0.037495  0.006393  0.108529  0.000725  0.063251  0.042433  0.002391  0.042325  0.033493  0.011174  0.221969  0.000001  0.010165  0.008881  0.010474
0.008257  0.001009  0.281925  0.047638  0.025244  0.018607  0.010428  0.177313  0.000815  0.063932  0.042904  0.000001  0.030240  0.013485  0.010753  0.238968  0.000001  0.013263  0.004225  0.010990
0.000002  0.001115  0.103400  0.306753  0.015705  0.029579  0.010471  0.259642  0.006180  0.103838  0.017672  0.000002  0.084317  0.002456  0.000002  0.047180  0.000002  0.004799  0.003148  0.003737
0.001380  0.000534  0.128473  0.319607  0.013664  0.030842  0.015686  0.276262  0.001996  0.060601  0.020812  0.000002  0.076955  0.001763  0.000002  0.036637  0.000002  0.011361  0.001954  0.001468
0.010913  0.003085  0.306494  0.103591  0.033135  0.035185  0.027140  0.147302  0.006390  0.109205  0.054042  0.000001  0.050413  0.011576  0.000001  0.081224  0.000001  0.008934  0.004458  0.006908
0.002518  0.000294  0.405554  0.122095  0.037009  0.036419  0.011164  0.145648  0.008513  0.073234  0.022757  0.000231  0.026888  0.003906  0.000002  0.089671  0.000002  0.005655  0.001603  0.006839
0.008517  0.004893  0.285864  0.110427  0.038654  0.031478  0.014950  0.111110  0.008276  0.102697  0.040518  0.000001  0.062795  0.001897  0.000001  0.139661  0.000001  0.023516  0.007648  0.007093
0.007914  0.000342  0.225320  0.134296  0.018472  0.035897  0.022468  0.147215  0.004412  0.057712  0.050727  0.003380  0.052033  0.015887  0.000001  0.172322  0.000001  0.030706  0.004704  0.016190
0.003170  0.000707  0.385872  0.100528  0.034195  0.030415  0.012346  0.146820  0.001541  0.104085  0.024807  0.000001  0.048661  0.005524  0.000001  0.088832  0.000001  0.005982  0.000001  0.006512
0.005363  0.001957  0.298513  0.162855  0.031016  0.029299  0.017657  0.081527  0.005700  0.146262  0.027898  0.000242  0.049272  0.007956  0.000001  0.121765  0.000001  0.006863  0.003274  0.002579
0.005598  0.000001  0.324988  0.155347  0.037072  0.023510  0.012884  0.124569  0.004326  0.088108  0.033686  0.000570  0.074265  0.004493  0.000001  0.094594  0.000001  0.008563  0.001128  0.006293
0.008435  0.001517  0.295688  0.110075  0.030575  0.037439  0.013581  0.148448  0.005820  0.084528  0.039459  0.001341  0.047766  0.016261  0.002853  0.120912  0.000001  0.022293  0.007039  0.005968
0.004331  0.001303  0.168320  0.280660  0.044256  0.030192  0.010141  0.229063  0.000642  0.073155  0.018610  0.000001  0.054543  0.002670  0.000001  0.071253  0.000001  0.006692  0.000059  0.004105
0.008136  0.003951  0.141346  0.295631  0.031915  0.030044  0.010205  0.218906  0.000382  0.054709  0.033155  0.000346  0.096920  0.015725  0.000001  0.034155  0.000001  0.014776  0.002432  0.007266
0.003414  0.000265  0.271256  0.225735  0.018009  0.031554  0.006930  0.144153  0.006152  0.101086  0.027647  0.001611  0.080565  0.010643  0.000001  0.055595  0.000001  0.009602  0.000429  0.005350
0.000211  0.000325  0.144843  0.373888  0.017906  0.013517  0.001786  0.306161  0.001140  0.041140  0.017823  0.000001  0.048956  0.000001  0.000001  0.028057  0.000001  0.003443  0.000001  0.000797
0.002127  0.001330  0.220333  0.349970  0.029020  0.010415  0.000842  0.229703  0.001680  0.048097  0.019361  0.000001  0.045480  0.001737  0.000001  0.029340  0.000001  0.006300  0.000251  0.004009
0.002816  0.001368  0.150407  0.264148  0.021721  0.038639  0.006564  0.236224  0.004075  0.109488  0.026220  0.000001  0.057668  0.001026  0.000001  0.058632  0.000001  0.012713  0.001952  0.006337
0.003860  0.002850  0.127732  0.301199  0.027828  0.027119  0.011963  0.288895  0.004017  0.043547  0.028249  0.000001  0.051440  0.001688  0.000001  0.061464  0.000001  0.013322  0.002500  0.002323
0.000337  0.000352  0.177971  0.225701  0.026234  0.029766  0.009689  0.287344  0.003147  0.092737  0.021203  0.000001  0.056877  0.004175  0.000001  0.053191  0.000001  0.008403  0.000903  0.001967
0.013080  0.000797  0.262845  0.154075  0.026237  0.044751  0.025358  0.148032  0.007609  0.054272  0.035072  0.001199  0.067252  0.011801  0.001775  0.103761  0.000001  0.031317  0.007897  0.002867
0.003103  0.001923  0.159649  0.267981  0.036088  0.022529  0.009169  0.251149  0.000952  0.060866  0.023800  0.000073  0.072563  0.002516  0.000001  0.068893  0.000001  0.006328  0.001791  0.010624
0.006037  0.000001  0.214039  0.275505  0.017539  0.029052  0.011187  0.174862  0.004167  0.056118  0.025387  0.000091  0.085240  0.003461  0.000001  0.080493  0.000001  0.013186  0.001757  0.001878
0.000001  0.000001  0.043629  0.935464  0.000001  0.000060  0.000001  0.009424  0.000001  0.001116  0.002161  0.000001  0.001748  0.000406  0.000001  0.005977  0.000001  0.000001  0.000001  0.000001
0.000001  0.000001  0.026403  0.960466  0.000265  0.000001  0.000001  0.007692  0.000001  0.000437  0.000775  0.000001  0.001680  0.000001  0.000001  0.002266  0.000001  0.000001  0.000001  0.000001
0.000001  0.000001  0.027218  0.953075  0.000334  0.000001  0.000001  0.011172  0.000001  0.001144  0.001195  0.000001  0.002093  0.000001  0.000001  0.003753  0.000001  0.000001  0.000001  0.000001
0.000001  0.000001  0.028413  0.961510  0.000119  0.000001  0.000001  0.006661  0.000001  0.001470  0.000428  0.000001  0.001092  0.000001  0.000001  0.000291  0.000001  0.000001  0.000001  0.000001
0.000001  0.000001  0.027682  0.961128  0.000136  0.000001  0.000001  0.004863  0.000001  0.001208  0.001157  0.000001  0.001730  0.000001  0.000001  0.002078  0.000001  0.000001  0.000001  0.000001
0.000001  0.000001  0.031888  0.958371  0.000213  0.000001  0.000001  0.005942  0.000001  0.000814  0.000823  0.000001  0.000748  0.000001  0.000001  0.001183  0.000001  0.000001  0.000001  0.000001
0.000001  0.000001  0.018133  0.976783  0.000001  0.000001  0.000001  0.003300  0.000001  0.000396  0.000286  0.000001  0.000951  0.000001  0.000001  0.000132  0.000001  0.000001  0.000001  0.000001
0.000002  0.000002  0.058851  0.873218  0.001025  0.000002  0.000002  0.045081  0.000002  0.004959  0.000549  0.000002  0.006876  0.000002  0.000002  0.009422  0.000002  0.000002  0.000002  0.000002
0.000001  0.000001  0.038880  0.945316  0.000114  0.000001  0.000001  0.008101  0.000001  0.001347  0.001014  0.000001  0.001890  0.000001  0.000001  0.003321  0.000001  0.000001  0.000001  0.000001
0.000001  0.000001  0.022248  0.968025  0.000280  0.000001  0.000001  0.007259  0.000001  0.000392  0.000378  0.000001  0.001400  0.000001  0.000001  0.000001  0.000001  0.000001  0.000001  0.000001
0.000002  0.000002  0.028972  0.957423  0.000131  0.000002  0.000002  0.006605  0.000002  0.000312  0.001367  0.000002  0.003278  0.000002  0.000002  0.001893  0.000002  0.000002  0.000002  0.000002
0.000002  0.000002  0.067330  0.835543  0.000439  0.000643  0.000002  0.072837  0.000002  0.007673  0.002533  0.000002  0.002747  0.000002  0.000002  0.010188  0.000002  0.000050  0.000002  0.000002
0.000001  0.000001  0.021890  0.969421  0.000224  0.000001  0.000001  0.005004  0.000001  0.000802  0.000655  0.000001  0.001575  0.000001  0.000001  0.000413  0.000001  0.000001  0.000001  0.000001
0.000001  0.000001  0.035605  0.947269  0.000264  0.000001  0.000001  0.009520  0.000001  0.001836  0.000891  0.000001  0.002131  0.000001  0.000001  0.002441  0.000001  0.000029  0.000001  0.000001
0.000001  0.000001  0.025853  0.968580  0.000013  0.000001  0.000001  0.002252  0.000001  0.000373  0.000763  0.000001  0.000989  0.000001  0.000001  0.001161  0.000001  0.000001  0.000001  0.000001
0.000001  0.000001  0.015418  0.974992  0.000601  0.000001  0.000001  0.005071  0.000001  0.001152  0.001000  0.000001  0.001356  0.000001  0.000001  0.000392  0.000001  0.000001  0.000001  0.000001
0.000002  0.000002  0.055208  0.837449  0.002045  0.001359  0.000002  0.071601  0.000002  0.005155  0.003674  0.000002  0.014787  0.000002  0.000002  0.007546  0.000002  0.001161  0.000002  0.000002
0.000001  0.000170  0.097045  0.460259  0.021935  0.014788  0.003090  0.261726  0.001305  0.046970  0.020888  0.000001  0.032889  0.000189  0.000001  0.034729  0.000001  0.002374  0.000001  0.001637
0.002733  0.000002  0.106187  0.516085  0.021411  0.017985  0.008816  0.158741  0.000002  0.039409  0.009531  0.000002  0.058593  0.001254  0.000002  0.047887  0.000002  0.008316  0.000002  0.003042
0.001425  0.001058  0.136082  0.481327  0.027197  0.006060  0.009141  0.173734  0.001790  0.039762  0.023068  0.000001  0.050270  0.003706  0.000001  0.038140  0.000001  0.003923  0.000001  0.003312
0.000045  0.000001  0.184456  0.496572  0.013139  0.006052  0.002597  0.151124  0.000388  0.048549  0.013868  0.000001  0.045889  0.000001  0.000001  0.033267  0.000001  0.003465  0.000001  0.000581
0.004468  0.002394  0.199246  0.389871  0.026313  0.024024  0.005212  0.214966  0.000173  0.036531  0.016663  0.000001  0.042754  0.000971  0.000001  0.029181  0.000001  0.005999  0.000251  0.000977
0.000133  0.001842  0.204279  0.451387  0.022762  0.012209  0.005278  0.170668  0.001327  0.037498  0.008008  0.000001  0.056196  0.000001  0.000001  0.020993  0.000001  0.006133  0.000001  0.001280
0.000651  0.000070  0.195182  0.462233  0.016916  0.007827  0.001014  0.199209  0.000336  0.022613  0.010663  0.000001  0.049894  0.000001  0.000001  0.030617  0.000001  0.002559  0.000001  0.000210
0.000769  0.000302  0.134350  0.459673  0.017943  0.010339  0.004065  0.223460  0.000001  0.032284  0.020763  0.000001  0.048652  0.001380  0.000001  0.042965  0.000001  0.003047  0.000001  0.000001
0.000491  0.000001  0.146477  0.472346  0.019852  0.011344  0.002363  0.184810  0.000127  0.060732  0.015156  0.000001  0.050040  0.000972  0.000001  0.033906  0.000001  0.001374  0.000001  0.000001
0.004857  0.000601  0.203568  0.282062  0.027287  0.032840  0.009377  0.199720  0.003125  0.095783  0.017127  0.000001  0.059307  0.005429  0.000001  0.042651  0.000001  0.012308  0.002690  0.001264
0.004617  0.001588  0.179341  0.295329  0.033067  0.024547  0.010190  0.267281  0.000953  0.039586  0.025324  0.000001  0.058158  0.001198  0.000001  0.042076  0.000001  0.014643  0.000187  0.001909
0.000569  0.000001  0.173400  0.323554  0.024821  0.025635  0.008359  0.184748  0.000315  0.082584  0.020475  0.000001  0.064976  0.001249  0.000001  0.080520  0.000001  0.005426  0.001390  0.001975
0.001025  0.001445  0.171665  0.305182  0.029447  0.019114  0.005398  0.188525  0.005755  0.074199  0.031680  0.000001  0.051745  0.001054  0.000001  0.099441  0.000001  0.006079  0.001305  0.006937
0.001929  0.000001  0.276218  0.347873  0.029671  0.013357  0.003069  0.156370  0.000220  0.050570  0.017099  0.000001  0.060784  0.000533  0.000001  0.037765  0.000001  0.003692  0.000001  0.000844
0.001230  0.000267  0.194390  0.344905  0.045984  0.017978  0.004151  0.152244  0.001239  0.063723  0.013854  0.000002  0.082055  0.001855  0.000002  0.060600  0.000002  0.013754  0.000067  0.001700
0.000001  0.000001  0.163685  0.477901  0.017865  0.004729  0.001680  0.196932  0.000001  0.041158  0.018259  0.000001  0.037457  0.000331  0.000001  0.036548  0.000001  0.003443  0.000001  0.000001
0.000001  0.000001  0.013632  0.978531  0.000001  0.000001  0.000001  0.004818  0.000001  0.000687  0.000784  0.000001  0.000785  0.000001  0.000001  0.000745  0.000001  0.000001  0.000001  0.000001
0.000001  0.000001  0.024536  0.965959  0.000001  0.000001  0.000001  0.005640  0.000001  0.000500  0.000888  0.000001  0.000915  0.000001  0.000001  0.001542  0.000001  0.000001  0.000001  0.000001
0.000979  0.000001  0.153395  0.440692  0.012674  0.015356  0.000874  0.282647  0.000001  0.018120  0.016301  0.000001  0.031398  0.001805  0.000001  0.013389  0.000001  0.010867  0.000001  0.001494
0.001238  0.000001  0.178654  0.469342  0.013862  0.006237  0.000240  0.192302  0.000001  0.023627  0.014912  0.000001  0.065907  0.000514  0.000001  0.024394  0.000001  0.008377  0.000001  0.000387
0.013638  0.003018  0.175231  0.178540  0.024647  0.030823  0.008201  0.151335  0.001788  0.104046  0.037281  0.002621  0.136025  0.014844  0.000001  0.090620  0.000001  0.014800  0.003628  0.008911
0.006272  0.002847  0.279794  0.172698  0.022767  0.037749  0.010319  0.192257  0.004269  0.055576  0.031995  0.001166  0.083855  0.003366  0.000001  0.077954  0.000001  0.010174  0.001947  0.004994
0.003088  0.000655  0.203576  0.146160  0.022381  0.041800  0.020853  0.199685  0.002948  0.122230  0.036051  0.000837  0.044011  0.006111  0.000001  0.134841  0.000001  0.007507  0.002189  0.005073
0.006161  0.000001  0.270884  0.184288  0.039238  0.034452  0.003784  0.157345  0.006050  0.102706  0.021012  0.000001  0.054560  0.002467  0.000001  0.104608  0.000001  0.008342  0.000001  0.004096
0.008450  0.001993  0.238624  0.179378  0.046202  0.043033  0.011269  0.166846  0.003642  0.067178  0.043421  0.001401  0.065150  0.005277  0.000001  0.106404  0.000001  0.006842  0.001557  0.003328
0.000001  0.000984  0.256685  0.236943  0.028241  0.024399  0.002015  0.188433  0.002360  0.063483  0.023068  0.000001  0.101283  0.002858  0.000001  0.060472  0.000001  0.007314  0.000001  0.001455
0.014336  0.003104  0.212224  0.193774  0.039402  0.023855  0.015186  0.157869  0.001953  0.094530  0.026004  0.001710  0.064816  0.019277  0.000001  0.104309  0.000001  0.012694  0.002533  0.012419
0.002454  0.000001  0.265159  0.205303  0.027386  0.028043  0.007368  0.120702  0.001479  0.057596  0.024234  0.000001  0.136626  0.003338  0.000001  0.104577  0.000001  0.009479  0.002407  0.003843
0.003779  0.000001  0.250544  0.194164  0.039255  0.026834  0.005365  0.169254  0.000001  0.072485  0.034201  0.000001  0.089644  0.012765  0.000002  0.081788  0.000001  0.007943  0.003032  0.008939
0.004718  0.000451  0.215852  0.203984  0.047447  0.048799  0.016226  0.159071  0.003759  0.067549  0.027469  0.001926  0.070544  0.009359  0.000001  0.098454  0.000001  0.014618  0.001502  0.008267
0.006005  0.000909  0.251090  0.129148  0.037611  0.051093  0.016162  0.186631  0.001555  0.079023  0.033279  0.000001  0.079358  0.007286  0.000688  0.106036  0.000001  0.006696  0.001366  0.006060
0.000001  0.000001  0.045645  0.943845  0.000125  0.000001  0.000001  0.005366  0.000001  0.000597  0.001042  0.000001  0.000902  0.000001  0.000001  0.002461  0.000001  0.000001  0.000001  0.000001
0.000001  0.000001  0.030662  0.966735  0.000001  0.000001  0.000001  0.001873  0.000001  0.000211  0.000187  0.000001  0.000201  0.000001  0.000001  0.000112  0.000001  0.000001  0.000001  0.000001
0.000001  0.000001  0.049909  0.927558  0.000248  0.000001  0.000001  0.013955  0.000001  0.002461  0.001794  0.000001  0.001797  0.000001  0.000001  0.002260  0.000001  0.000001  0.000001  0.000001
0.000001  0.000001  0.010999  0.981885  0.000001  0.000001  0.000001  0.005236  0.000001  0.000352  0.000434  0.000001  0.001075  0.000001  0.000001  0.000001  0.000001  0.000001  0.000001  0.000001
0.000001  0.000001  0.033066  0.952950  0.000088  0.000001  0.000001  0.010171  0.000001  0.000416  0.001046  0.000001  0.001248  0.000001  0.000001  0.000997  0.000001  0.000001  0.000001  0.000001
0.000001  0.000001  0.031694  0.952330  0.000449  0.000001  0.000001  0.009522  0.000001  0.001487  0.001189  0.000001  0.002161  0.000033  0.000001  0.001119  0.000001  0.000001  0.000001  0.000001
0.005224  0.001375  0.282151  0.188545  0.025737  0.019197  0.008861  0.253321  0.002611  0.061496  0.026281  0.000001  0.047241  0.002974  0.000001  0.048784  0.000001  0.019618  0.002897  0.003684
0.003146  0.001837  0.289789  0.185889  0.014234  0.035244  0.013008  0.220713  0.008060  0.114531  0.019363  0.000001  0.044113  0.004714  0.000001  0.034146  0.000001  0.009813  0.000001  0.001395
0.005939  0.001303  0.130593  0.230352  0.034734  0.030540  0.009280  0.283157  0.004120  0.071515  0.016979  0.000001  0.093154  0.003849  0.000001  0.074843  0.000001  0.003231  0.000863  0.005544
0.002382  0.000003  0.185523  0.229733  0.025793  0.038223  0.004967  0.202366  0.002123  0.081226  0.031650  0.000001  0.084901  0.006228  0.000001  0.081700  0.000001  0.017857  0.000966  0.004354
0.000001  0.000001  0.060296  0.806963  0.003090  0.002389  0.000001  0.089523  0.000001  0.009009  0.005675  0.000001  0.011515  0.000001  0.000001  0.011307  0.000001  0.000218  0.000001  0.000001
0.005556  0.000001  0.338463  0.041128  0.022821  0.021820  0.016326  0.051996  0.006854  0.092922  0.044798  0.000320  0.036995  0.004325  0.000001  0.295214  0.000001  0.011963  0.000160  0.008334
0.014261  0.000001  0.262389  0.023506  0.018181  0.028927  0.008379  0.138691  0.002439  0.062838  0.062244  0.001364  0.047558  0.028225  0.017339  0.263595  0.000001  0.007840  0.001266  0.010956
0.004544  0.000001  0.349814  0.053598  0.020107  0.042858  0.013957  0.089646  0.002154  0.041214  0.039277  0.001957  0.042684  0.013610  0.011500  0.234354  0.000001  0.022878  0.004621  0.011224
0.013159  0.001341  0.291424  0.093213  0.036554  0.031788  0.010573  0.090763  0.005621  0.066464  0.037171  0.000358  0.033772  0.014465  0.001987  0.248488  0.000001  0.012804  0.002790  0.007263
0.007411  0.001544  0.436666  0.046504  0.013378  0.021482  0.004289  0.085086  0.001081  0.128477  0.018767  0.000001  0.023642  0.006610  0.000001  0.189035  0.000001  0.007726  0.003688  0.004609
0.011172  0.001271  0.310054  0.042543  0.017714  0.016223  0.012108  0.115265  0.001087  0.081822  0.040384  0.000462  0.056769  0.008129  0.018723  0.247220  0.000001  0.011699  0.003689  0.003665
0.002044  0.000001  0.233428  0.050792  0.016722  0.017575  0.004789  0.104320  0.002405  0.092933  0.024650  0.000001  0.035464  0.004864  0.000001  0.400430  0.000001  0.005831  0.001133  0.002612
0.003660  0.001360  0.236563  0.094322  0.022745  0.043984  0.014658  0.116520  0.000805  0.067251  0.045751  0.001593  0.057695  0.014426  0.001991  0.246620  0.000001  0.012931  0.005357  0.011767
0.006174  0.000377  0.209211  0.013188  0.023887  0.025406  0.011916  0.081814  0.004310  0.076771  0.048967  0.001149  0.049124  0.003323  0.000001  0.410525  0.000001  0.016751  0.004425  0.012682
0.006892  0.000325  0.447250  0.046198  0.014192  0.030805  0.014062  0.088231  0.003587  0.063596  0.037265  0.000001  0.065012  0.014609  0.000001  0.149125  0.000001  0.010637  0.005301  0.002911
0.003666  0.000001  0.365801  0.076912  0.028621  0.034595  0.004036  0.067350  0.001195  0.100497  0.032570  0.000001  0.054294  0.004225  0.000001  0.215335  0.000001  0.006082  0.000001  0.004813
0.012288  0.003078  0.359979  0.065726  0.042237  0.024453  0.007867  0.054651  0.001241  0.084588  0.024249  0.000001  0.033445  0.005756  0.000001  0.257913  0.000001  0.011391  0.001521  0.009613
0.007340  0.000934  0.127201  0.052648  0.025115  0.022667  0.009754  0.110323  0.001860  0.069840  0.055825  0.000115  0.051804  0.012021  0.006089  0.417133  0.000001  0.013916  0.004073  0.011338
0.018794  0.000732  0.208680  0.055050  0.036850  0.031372  0.014181  0.159226  0.005012  0.067248  0.029429  0.003014  0.075896  0.020119  0.005023  0.238896  0.000001  0.019643  0.005129  0.005704
0.012091  0.001954  0.261680  0.036050  0.023895  0.028243  0.008469  0.070091  0.002568  0.097384  0.036967  0.001385  0.057566  0.018678  0.006591  0.304569  0.000001  0.014083  0.005410  0.012324
0.009646  0.002908  0.256164  0.169192  0.041848  0.039133  0.009023  0.120009  0.002092  0.089508  0.031533  0.002116  0.078223  0.010246  0.000001  0.121283  0.000001  0.006257  0.003541  0.007277
0.008420  0.001001  0.155191  0.189926  0.039048  0.041608  0.015052  0.179907  0.000915  0.085588  0.031519  0.000110  0.077826  0.005088  0.000001  0.142052  0.000001  0.020858  0.001055  0.004833
0.003183  0.000001  0.181944  0.379898  0.035483  0.015665  0.005474  0.130745  0.000640  0.092188  0.025090  0.000001  0.080362  0.000960  0.000001  0.042345  0.000001  0.005656  0.000001  0.000360
0.003471  0.001762  0.170437  0.306890  0.040101  0.032971  0.006842  0.224357  0.001946  0.057630  0.020670  0.000001  0.068708  0.011528  0.000001  0.043782  0.000001  0.005525  0.000977  0.002399
0.000566  0.000001  0.322228  0.033530  0.007747  0.008000  0.002273  0.022091  0.000904  0.048906  0.009136  0.000001  0.005755  0.000001  0.000001  0.536207  0.000001  0.000414  0.000001  0.002235
0.000591  0.000061  0.318651  0.035332  0.010323  0.010311  0.001557  0.065988  0.000201  0.033572  0.016099  0.000001  0.019557  0.000705  0.000001  0.479989  0.000001  0.002887  0.000350  0.003823
0.006584  0.001813  0.221740  0.072792  0.017987  0.034063  0.014577  0.063067  0.000253  0.074219  0.045477  0.000661  0.062397  0.037157  0.003375  0.331796  0.000001  0.007720  0.002454  0.001867
0.006368  0.001537  0.282567  0.060710  0.032758  0.022359  0.006908  0.137234  0.000296  0.105213  0.040005  0.002282  0.031742  0.017426  0.018120  0.209083  0.000001  0.012593  0.007678  0.005118
