0.184970  0.010288  0.000002  0.040145  0.416671  0.000002  0.000002  0.034606  0.018786  0.075607  0.094696  0.001035  0.000002  0.027122  0.018506  0.012474  0.065086  0.000002
0.192491  0.012420  0.000113  0.050854  0.366349  0.000002  0.000002  0.046860  0.016466  0.070989  0.093688  0.000265  0.000192  0.025694  0.044483  0.026717  0.052416  0.000002
0.279484  0.000002  0.000002  0.000225  0.250282  0.000002  0.000002  0.000251  0.000002  0.001123  0.000224  0.000002  0.000002  0.000002  0.000321  0.000002  0.468074  0.000002
0.172213  0.016689  0.001967  0.097028  0.373161  0.000002  0.000571  0.061051  0.027679  0.064176  0.097494  0.000002  0.000002  0.019520  0.029930  0.015189  0.023326  0.000002
0.172717  0.010535  0.003076  0.063319  0.372690  0.000002  0.001665  0.068938  0.021358  0.037382  0.188640  0.000002  0.000002  0.016039  0.021201  0.017246  0.005188  0.000002
0.128822  0.024685  0.001714  0.106750  0.339388  0.000002  0.002704  0.052818  0.038420  0.036751  0.155394  0.000002  0.001193  0.029412  0.028134  0.014745  0.039067  0.000002
0.090428  0.015279  0.006779  0.120361  0.323707  0.000749  0.003090  0.128588  0.033558  0.056114  0.101462  0.006160  0.001174  0.049457  0.024722  0.026524  0.011845  0.000002
0.140008  0.035101  0.000271  0.089769  0.336689  0.000002  0.005038  0.027538  0.020175  0.125611  0.135339  0.000002  0.000002  0.027181  0.029598  0.027166  0.000511  0.000002
0.136582  0.020825  0.000777  0.069549  0.411552  0.000002  0.001891  0.057370  0.019095  0.107873  0.086372  0.000002  0.000002  0.025502  0.022152  0.024368  0.016087  0.000002
0.129014  0.033810  0.002387  0.083874  0.297540  0.000002  0.003756  0.034867  0.009378  0.123767  0.205341  0.000002  0.000221  0.021105  0.028109  0.026400  0.000426  0.000002
0.126754  0.025193  0.002961  0.110132  0.341747  0.000857  0.007448  0.073766  0.039828  0.035269  0.159482  0.000002  0.001080  0.025789  0.025026  0.017928  0.006737  0.000002
0.186673  0.012274  0.001478  0.019899  0.372945  0.000002  0.001037  0.082643  0.027481  0.062892  0.151000  0.003329  0.000002  0.025637  0.039744  0.009531  0.003433  0.000002
0.163539  0.024606  0.001142  0.043884  0.376455  0.000002  0.003038  0.041811  0.030387  0.051567  0.182208  0.000002  0.000764  0.019118  0.023428  0.022470  0.015579  0.000002
0.148049  0.014947  0.000002  0.052777  0.423728  0.000002  0.004559  0.043285  0.012465  0.080869  0.136168  0.000002  0.000002  0.022635  0.043854  0.016652  0.000002  0.000002
0.328285  0.000002  0.000002  0.000002  0.132365  0.000002  0.000002  0.000002  0.000002  0.000281  0.000002  0.000002  0.000002  0.000002  0.000002  0.000002  0.539042  0.000002
0.304671  0.000002  0.000002  0.000002  0.150313  0.000002  0.000002  0.000135  0.000002  0.000068  0.000002  0.000002  0.000002  0.000002  0.000002  0.000002  0.544791  0.000002
0.301740  0.000002  0.000002  0.000002  0.183551  0.000002  0.000002  0.000002  0.000002  0.000310  0.000002  0.000002  0.000002  0.000002  0.000002  0.000002  0.514376  0.000002
0.288829  0.000002  0.000002  0.000389  0.168720  0.000002  0.000002  0.000442  0.000002  0.000349  0.000548  0.000002  0.000002  0.000002  0.000148  0.000002  0.540558  0.000002
0.309305  0.000002  0.000002  0.000002  0.127336  0.000002  0.000002  0.000002  0.000002  0.000270  0.000002  0.000002  0.000002  0.000002  0.000002  0.000002  0.563064  0.000002
0.315795  0.000002  0.000002  0.000002  0.191617  0.000002  0.000002  0.000028  0.000002  0.000178  0.000039  0.000002  0.000002  0.000002  0.000002  0.000002  0.492324  0.000002
0.241802  0.005079  0.000002  0.034488  0.330504  0.000002  0.000002  0.061856  0.014605  0.078615  0.124905  0.000002  0.000002  0.013967  0.030517  0.012768  0.050883  0.000002
0.181442  0.007996  0.000002  0.035995  0.444679  0.000002  0.000002  0.083282  0.034770  0.033641  0.070868  0.003177  0.000002  0.022637  0.029489  0.021637  0.030378  0.000002
0.298854  0.003990  0.000002  0.039153  0.335465  0.000002  0.000002  0.057562  0.009211  0.084455  0.088275  0.000002  0.000002  0.007877  0.026793  0.013434  0.034921  0.000002
0.211825  0.000002  0.000002  0.023238  0.385873  0.000002  0.000002  0.045210  0.015539  0.105685  0.086784  0.000002  0.000002  0.006067  0.011117  0.019087  0.089563  0.000002
0.312358  0.007313  0.000002  0.022936  0.374882  0.000002  0.000002  0.044307  0.014810  0.034494  0.084167  0.000002  0.000002  0.012679  0.024601  0.016045  0.051400  0.000002
0.686864  0.000002  0.000002  0.001271  0.154425  0.000002  0.000002  0.004942  0.001859  0.014629  0.007107  0.000002  0.000002  0.000853  0.004259  0.000107  0.123674  0.000002
0.203958  0.005679  0.000002  0.018490  0.374584  0.000002  0.000263  0.056975  0.028309  0.101449  0.109119  0.002939  0.000186  0.010273  0.014261  0.008707  0.064804  0.000002
0.109791  0.075596  0.004295  0.349155  0.244017  0.000582  0.001796  0.032524  0.008973  0.017799  0.121159  0.000002  0.000002  0.005600  0.016314  0.012389  0.000002  0.000002
0.309631  0.000002  0.000002  0.000047  0.176971  0.000002  0.000002  0.000097  0.000002  0.001069  0.000002  0.000002  0.000002  0.000002  0.000205  0.000002  0.511963  0.000002
0.187770  0.014330  0.000002  0.021416  0.451145  0.000002  0.000701  0.049023  0.025825  0.060599  0.046935  0.000002  0.001623  0.031981  0.031088  0.019032  0.058525  0.000002
0.681537  0.000002  0.000002  0.001973  0.153868  0.000002  0.000002  0.002683  0.000618  0.006322  0.004376  0.000002  0.000002  0.000002  0.000559  0.000002  0.148049  0.000002
0.350108  0.000002  0.000002  0.000002  0.178303  0.000002  0.000002  0.000002  0.000002  0.000352  0.000002  0.000002  0.000002  0.000002  0.000002  0.000002  0.471216  0.000002
0.000002  0.000002  0.000002  0.000002  0.000002  0.000002  0.000002  0.000002  0.000002  0.000002  0.000002  0.999973  0.000002  0.000002  0.000002  0.000002  0.000002  0.000002
0.000002  0.000002  0.000002  0.000002  0.000002  0.000002  0.000002  0.000002  0.000002  0.000002  0.000002  0.999973  0.000002  0.000002  0.000002  0.000002  0.000002  0.000002
0.000002  0.000002  0.000002  0.000002  0.000002  0.000002  0.000002  0.000002  0.000002  0.000002  0.000002  0.999973  0.000002  0.000002  0.000002  0.000002  0.000002  0.000002
0.000433  0.000002  0.000002  0.000298  0.000002  0.000002  0.000002  0.000032  0.000067  0.000002  0.000002  0.999000  0.000002  0.000151  0.000002  0.000002  0.000002  0.000002
0.000002  0.000002  0.000002  0.000002  0.000002  0.000002  0.000002  0.000002  0.000046  0.000002  0.000002  0.999783  0.000002  0.000147  0.000002  0.000002  0.000002  0.000002
0.000002  0.000002  0.000002  0.000002  0.000002  0.000002  0.000002  0.000002  0.000140  0.000002  0.000002  0.999835  0.000002  0.000002  0.000002  0.000002  0.000002  0.000002
0.000002  0.000002  0.000002  0.000409  0.000002  0.000002  0.000002  0.000002  0.000019  0.000002  0.000002  0.999431  0.000002  0.000119  0.000002  0.000002  0.000002  0.000002
0.000002  0.000002  0.000002  0.000007  0.000002  0.000002  0.000002  0.000002  0.000002  0.000002  0.000002  0.999962  0.000002  0.000002  0.000002  0.000002  0.000002  0.000002
0.000002  0.000002  0.000002  0.001473  0.000002  0.000002  0.000002  0.000555  0.000728  0.000002  0.000002  0.996736  0.000002  0.000486  0.000002  0.000002  0.000002  0.000002
0.000002  0.000002  0.000002  0.000263  0.000002  0.000002  0.000002  0.000002  0.000122  0.000002  0.000002  0.999590  0.000002  0.000002  0.000002  0.000002  0.000002  0.000002
0.000002  0.000002  0.000002  0.000591  0.000002  0.000002  0.000002  0.000002  0.000002  0.000002  0.000002  0.999336  0.000002  0.000049  0.000002  0.000002  0.000002  0.000002
0.299436  0.000002  0.000002  0.017659  0.353483  0.000002  0.000002  0.025981  0.013929  0.129997  0.043460  0.000002  0.000002  0.010062  0.020733  0.013318  0.071932  0.000002
0.317273  0.002888  0.000653  0.032820  0.268090  0.000002  0.000002  0.047127  0.015392  0.049786  0.119079  0.007479  0.000002  0.017116  0.051332  0.025449  0.045509  0.000002
0.782182  0.000002  0.000002  0.001723  0.075625  0.000002  0.000002  0.001265  0.001076  0.005695  0.002350  0.000002  0.000002  0.000002  0.001395  0.000002  0.128674  0.000002
0.340763  0.000002  0.000002  0.000002  0.130146  0.000002  0.000002  0.000214  0.000002  0.000435  0.000002  0.000002  0.000002  0.000002  0.000002  0.000002  0.528422  0.000002
0.348635  0.000002  0.000002  0.000002  0.146334  0.000002  0.000002  0.000247  0.000002  0.000246  0.000330  0.000002  0.000002  0.000002  0.000002  0.000002  0.504189  0.000002
0.288411  0.000002  0.000002  0.000002  0.183446  0.000002  0.000002  0.000002  0.000002  0.000713  0.000002  0.000002  0.000002  0.000002  0.000002  0.000002  0.527408  0.000002
0.302983  0.000002  0.000002  0.000198  0.182474  0.000002  0.000002  0.000057  0.000002  0.001033  0.000062  0.000002  0.000002  0.000002  0.000002  0.000002  0.513176  0.000002
0.376873  0.000002  0.000002  0.000262  0.125008  0.000002  0.000002  0.000010  0.000002  0.000859  0.000002  0.000002  0.000002  0.000002  0.000106  0.000002  0.496865  0.000002
0.375043  0.004540  0.000002  0.016027  0.290891  0.000002  0.000002  0.073448  0.014091  0.083845  0.040667  0.000204  0.000002  0.006840  0.033634  0.021461  0.039301  0.000002
0.332059  0.003160  0.000383  0.034915  0.339989  0.000002  0.000002  0.068648  0.029739  0.045886  0.037428  0.000636  0.000002  0.015337  0.022654  0.014621  0.054540  0.000002
0.376169  0.000002  0.000002  0.000002  0.169257  0.000002  0.000002  0.000296  0.000064  0.002634  0.000002  0.000002  0.000002  0.000002  0.000192  0.000002  0.451372  0.000002
0.253786  0.000002  0.000002  0.000460  0.235781  0.000002  0.000002  0.000303  0.000002  0.002375  0.001628  0.000002  0.000002  0.000002  0.000173  0.000002  0.505479  0.000002
0.417827  0.000002  0.000002  0.000005  0.131235  0.000002  0.000002  0.000258  0.000171  0.001183  0.000120  0.000002  0.000002  0.000002  0.000242  0.000002  0.448944  0.000002
0.585242  0.000002  0.000002  0.003452  0.220075  0.000002  0.000002  0.006021  0.001240  0.015650  0.008386  0.000002  0.000002  0.000002  0.002667  0.000002  0.157250  0.000002
0.366408  0.000002  0.000002  0.000792  0.170326  0.000002  0.000002  0.000612  0.000268  0.002176  0.000398  0.000002  0.000002  0.000002  0.000122  0.000002  0.458885  0.000002
0.287991  0.000002  0.000002  0.000002  0.198512  0.000002  0.000002  0.000002  0.000002  0.000800  0.000002  0.000002  0.000002  0.000002  0.000065  0.000002  0.512612  0.000002
0.318883  0.000002  0.000002  0.000688  0.206933  0.000002  0.000002  0.000462  0.000114  0.001039  0.000040  0.000002  0.000002  0.000002  0.000236  0.000002  0.471591  0.000002
0.298226  0.000002  0.000002  0.000002  0.184112  0.000002  0.000002  0.000002  0.000002  0.001113  0.000110  0.000002  0.000002  0.000002  0.000287  0.000002  0.516133  0.000002
0.406377  0.000002  0.000002  0.000002  0.135181  0.000002  0.000002  0.000131  0.000002  0.000358  0.000129  0.000002  0.000002  0.000002  0.000002  0.000002  0.457806  0.000002
0.339628  0.000002  0.000002  0.000312  0.190533  0.000002  0.000002  0.000502  0.000002  0.001854  0.000092  0.000002  0.000002  0.000002  0.000276  0.000002  0.466788  0.000002
0.106458  0.006713  0.010681  0.194144  0.258661  0.000095  0.005231  0.038405  0.035737  0.014136  0.192828  0.098572  0.000799  0.018110  0.010688  0.007461  0.001280  0.000002
0.120590  0.017093  0.007000  0.316726  0.209378  0.000328  0.003345  0.071062  0.012243  0.004709  0.108759  0.080584  0.000002  0.029351  0.015564  0.003262  0.000002  0.000002
0.151901  0.025386  0.002229  0.324633  0.237787  0.000455  0.000800  0.052841  0.008291  0.016532  0.115101  0.024653  0.000002  0.014532  0.013300  0.011554  0.000002  0.000002
0.086787  0.020318  0.001645  0.325759  0.260813  0.000394  0.004247  0.046615  0.026245  0.010917  0.100721  0.084717  0.000040  0.022043  0.008574  0.000163  0.000002  0.000002
0.135816  0.013880  0.009392  0.294170  0.252725  0.003482  0.003581  0.038281  0.026127  0.017052  0.127148  0.030818  0.000657  0.011154  0.026039  0.009674  0.000002  0.000002
0.096403  0.016162  0.005482  0.260634  0.289498  0.000542  0.006699  0.075208  0.020092  0.011302  0.112330  0.029734  0.000002  0.028096  0.027226  0.020585  0.000002  0.000002
0.080468  0.014208  0.004606  0.289836  0.357973  0.000038  0.003952  0.056269  0.013494  0.013627  0.070019  0.051204  0.000023  0.011901  0.026999  0.005379  0.000002  0.000002
0.288556  0.000002  0.000002  0.000002  0.164298  0.000002  0.000002  0.000019  0.000002  0.000079  0.000002  0.000002  0.000002  0.000002  0.000002  0.000002  0.547026  0.000002
0.286215  0.000002  0.000002  0.000002  0.130619  0.000002  0.000002  0.000002  0.000002  0.000795  0.000002  0.000002  0.000002  0.000002  0.000087  0.000002  0.582263  0.000002
0.631131  0.000002  0.000002  0.008334  0.159328  0.000002  0.000002  0.016685  0.005992  0.017192  0.019597  0.000002  0.000002  0.001073  0.004596  0.000883  0.135178  0.000002
0.306835  0.000002  0.000002  0.000002  0.143172  0.000002  0.000002  0.000002  0.000002  0.000291  0.000002  0.000002  0.000002  0.000002  0.000023  0.000002  0.549659  0.000002
0.300889  0.000002  0.000002  0.000002  0.150285  0.000002  0.000002  0.000188  0.000002  0.000647  0.000150  0.000002  0.000002  0.000002  0.000114  0.000002  0.547710  0.000002
0.280080  0.000002  0.000002  0.000002  0.175225  0.000002  0.000002  0.000002  0.000002  0.000409  0.000002  0.000002  0.000002  0.000002  0.000002  0.000002  0.544264  0.000002
0.185643  0.016892  0.004671  0.090691  0.354078  0.000571  0.001408  0.102065  0.034062  0.030550  0.113843  0.000002  0.000002  0.020017  0.028030  0.013261  0.004210  0.000002
0.169308  0.023257  0.002566  0.071325  0.350782  0.000002  0.001888  0.110279  0.042547  0.043058  0.089236  0.001318  0.000132  0.011357  0.035192  0.014641  0.033110  0.000002
0.082391  0.032893  0.004112  0.058410  0.368403  0.000828  0.006744  0.107057  0.010797  0.059588  0.158603  0.000395  0.000189  0.025005  0.027298  0.012121  0.045166  0.000002
0.170478  0.019494  0.000280  0.040780  0.402330  0.000002  0.000002  0.074592  0.012064  0.058399  0.120124  0.000002  0.000002  0.027454  0.033176  0.023221  0.017601  0.000002
0.068528  0.030505  0.002480  0.069776  0.472405  0.000002  0.000570  0.050178  0.020910  0.028899  0.143358  0.001731  0.000002  0.020314  0.046855  0.024670  0.018815  0.000002
0.140693  0.011920  0.000002  0.041879  0.459533  0.000002  0.000002  0.051651  0.036872  0.051845  0.112515  0.003326  0.000233  0.019738  0.023333  0.022036  0.024420  0.000002
0.147919  0.032397  0.004897  0.109545  0.316636  0.000977  0.008605  0.123128  0.022294  0.036502  0.101702  0.003140  0.001002  0.025760  0.020302  0.028748  0.016446  0.000002
0.255322  0.014445  0.000002  0.027910  0.372713  0.000002  0.001880  0.069344  0.023735  0.042871  0.073860  0.000162  0.000002  0.020018  0.037493  0.021727  0.038514  0.000002
0.256286  0.008369  0.000002  0.026959  0.355987  0.000002  0.000002  0.081441  0.012928  0.042909  0.078667  0.000002  0.000002  0.016522  0.023234  0.013805  0.082884  0.000002
0.294383  0.006148  0.000002  0.020647  0.357317  0.000002  0.000002  0.050747  0.012671  0.092122  0.071131  0.005147  0.000002  0.016612  0.015188  0.016253  0.041628  0.000002
0.197082  0.018996  0.000002  0.032542  0.447428  0.000002  0.000765  0.034491  0.022290  0.036283  0.075009  0.000002  0.000117  0.011607  0.033937  0.041081  0.048367  0.000002
0.300039  0.005430  0.000002  0.024348  0.302649  0.000002  0.000511  0.077574  0.032241  0.073155  0.051809  0.004223  0.000002  0.014255  0.041018  0.013318  0.059424  0.000002
0.239083  0.006376  0.000002  0.028614  0.366630  0.000002  0.000139  0.070519  0.021186  0.084709  0.066438  0.002118  0.000046  0.019118  0.026225  0.012595  0.056199  0.000002
0.160449  0.007073  0.000002  0.015300  0.468610  0.000002  0.000002  0.033583  0.010305  0.098716  0.081339  0.000002  0.000002  0.008432  0.027462  0.011644  0.077079  0.000002
0.318740  0.012114  0.000002  0.038924  0.315155  0.000002  0.000002  0.066502  0.018931  0.058435  0.076934  0.002209  0.000002  0.020568  0.017358  0.013289  0.040834  0.000002
0.107602  0.015361  0.005169  0.308773  0.326087  0.000002  0.001488  0.042655  0.014658  0.021427  0.096374  0.022042  0.000334  0.010241  0.021616  0.006170  0.000002  0.000002
0.111943  0.025237  0.007993  0.268138  0.233869  0.000016  0.004554  0.071889  0.021247  0.029459  0.138525  0.030279  0.001509  0.021508  0.016649  0.012128  0.005054  0.000002
0.143180  0.013353  0.000930  0.275526  0.263649  0.000002  0.000193  0.047191  0.013747  0.009709  0.195373  0.013773  0.000002  0.011538  0.006776  0.005056  0.000002  0.000002
0.110314  0.016707  0.007247  0.356420  0.253424  0.001148  0.002044  0.049637  0.017501  0.009638  0.119245  0.017833  0.000407  0.010796  0.015783  0.011852  0.000002  0.000002
0.093444  0.026747  0.004195  0.318232  0.286209  0.000109  0.004519  0.064774  0.006096  0.011980  0.145959  0.011628  0.000002  0.008956  0.012358  0.004788  0.000002  0.000002
0.133335  0.025452  0.003764  0.309097  0.233946  0.000115  0.003720  0.051261  0.019199  0.005193  0.149831  0.033438  0.000002  0.011514  0.018325  0.001805  0.000002  0.000002
0.076190  0.016471  0.005260  0.371312  0.286071  0.000838  0.001973  0.051928  0.018037  0.011755  0.111177  0.023016  0.000002  0.010855  0.007556  0.007559  0.000002  0.000002
0.222132  0.013076  0.000002  0.024880  0.364731  0.000002  0.000002  0.066625  0.013413  0.089446  0.120501  0.000002  0.000002  0.012395  0.032529  0.007981  0.032280  0.000002
0.230409  0.003624  0.000002  0.008560  0.384823  0.000002  0.000002  0.062712  0.022341  0.038088  0.085729  0.000002  0.000002  0.006276  0.061811  0.014732  0.080883  0.000002
0.153839  0.014427  0.005924  0.099711  0.317144  0.000002  0.000056  0.057834  0.022724  0.058223  0.152438  0.008389  0.001518  0.032059  0.016003  0.020225  0.039484  0.000002
0.119695  0.029494  0.003268  0.123563  0.366853  0.000002  0.000619  0.084406  0.034031  0.015081  0.163885  0.012512  0.000002  0.015801  0.021744  0.008591  0.000452  0.000002
0.132002  0.027754  0.004987  0.121771  0.344383  0.000002  0.002998  0.061630  0.024647  0.041242  0.165628  0.000740  0.001498  0.032471  0.017795  0.016035  0.004416  0.000002
0.203541  0.019293  0.000577  0.168209  0.233886  0.000270  0.000466  0.050915  0.028113  0.055199  0.153371  0.000098  0.000002  0.013704  0.040265  0.024287  0.007803  0.000002
0.159840  0.010875  0.003055  0.131180  0.301053  0.000002  0.002553  0.097737  0.038702  0.053641  0.114013  0.002766  0.000002  0.021918  0.023915  0.018978  0.019770  0.000002
0.135060  0.016439  0.000509  0.116797  0.410854  0.000002  0.000002  0.103497  0.012644  0.036117  0.088723  0.004067  0.000002  0.020423  0.027996  0.010211  0.016657  0.000002
0.150620  0.021561  0.004727  0.047904  0.350066  0.000002  0.002033  0.071460  0.028319  0.055862  0.128489  0.000660  0.000321  0.049113  0.057275  0.019885  0.011702  0.000002
0.117176  0.022681  0.006037  0.087081  0.398575  0.000002  0.001029  0.069620  0.031037  0.038220  0.147014  0.003095  0.000002  0.022423  0.034262  0.015682  0.006063  0.000002
0.209816  0.023946  0.001956  0.041803  0.363949  0.000002  0.001494  0.104580  0.021753  0.034303  0.093191  0.000002  0.000115  0.022498  0.024867  0.029389  0.026334  0.000002
0.196727  0.014730  0.000919  0.036871  0.335918  0.000002  0.000002  0.077466  0.022450  0.065204  0.143198  0.000002  0.000501  0.008936  0.020211  0.026474  0.050389  0.000002
0.138353  0.010267  0.000002  0.027229  0.458778  0.000002  0.000002  0.070360  0.009670  0.038702  0.120944  0.000002  0.000189  0.013285  0.041937  0.021887  0.048390  0.000002
0.299450  0.003353  0.000002  0.014646  0.382103  0.000002  0.000002  0.044500  0.017244  0.056239  0.047193  0.000002  0.000002  0.012274  0.049169  0.008850  0.064969  0.000002
0.245616  0.003994  0.000002  0.030704  0.371692  0.000002  0.000730  0.087561  0.023034  0.067105  0.033043  0.002788  0.000002  0.009814  0.028662  0.005798  0.089452  0.000002
0.139761  0.014685  0.000374  0.026518  0.437033  0.000002  0.000002  0.088718  0.008244  0.052427  0.103405  0.000002  0.000090  0.026336  0.031816  0.019377  0.051209  0.000002
0.187081  0.010558  0.000002  0.035671  0.460554  0.000002  0.000002  0.100444  0.021616  0.032801  0.049636  0.002500  0.000002  0.027681  0.024592  0.021676  0.025183  0.000002
0.206125  0.015453  0.000002  0.030924  0.400831  0.000002  0.000731  0.074767  0.024741  0.055206  0.087350  0.001985  0.000002  0.014593  0.038536  0.017291  0.031460  0.000002
0.134883  0.029894  0.003157  0.084982  0.374575  0.000216  0.003893  0.058751  0.013531  0.045405  0.122285  0.007251  0.004359  0.038782  0.049266  0.020336  0.008434  0.000002
0.169425  0.017220  0.004044  0.041135  0.390134  0.000002  0.001529  0.087911  0.025247  0.079162  0.070464  0.000002  0.000002  0.012598  0.033479  0.029022  0.038622  0.000002
0.167607  0.014505  0.000052  0.035727  0.397309  0.000669  0.000002  0.053157  0.012217  0.087347  0.081860  0.000002  0.000524  0.021916  0.017845  0.032694  0.076566  0.000002
0.324530  0.000002  0.000002  0.000454  0.181203  0.000002  0.000002  0.000794  0.000013  0.002167  0.001444  0.000002  0.000002  0.000002  0.000712  0.000002  0.488668  0.000002
0.336165  0.000002  0.000002  0.000002  0.152460  0.000002  0.000002  0.000235  0.000002  0.000745  0.000161  0.000002  0.000002  0.000002  0.000047  0.000002  0.510170  0.000002
0.334183  0.000002  0.000002  0.000002  0.163045  0.000002  0.000002  0.000002  0.000002  0.000413  0.000208  0.000002  0.000002  0.000002  0.000002  0.000002  0.502130  0.000002
0.286248  0.000002  0.000002  0.000229  0.180693  0.000002  0.000002  0.000234  0.000269  0.001560  0.000008  0.000002  0.000002  0.000002  0.000111  0.000002  0.530633  0.000002
0.290533  0.000002  0.000002  0.000002  0.185986  0.000002  0.000002  0.000384  0.000041  0.000798  0.000227  0.000002  0.000002  0.000002  0.000139  0.000002  0.521877  0.000002
0.332763  0.000002  0.000002  0.000030  0.155906  0.000002  0.000002  0.000041  0.000002  0.001346  0.000002  0.000002  0.000002  0.000002  0.000043  0.000002  0.509853  0.000002
0.389588  0.000002  0.000002  0.000002  0.146756  0.000002  0.000002  0.000002  0.000002  0.000184  0.000019  0.000002  0.000002  0.000002  0.000002  0.000002  0.463432  0.000002
0.769627  0.000002  0.000002  0.001622  0.077549  0.000002  0.000002  0.003577  0.000446  0.004239  0.001066  0.000002  0.000002  0.000002  0.000533  0.000002  0.141325  0.000002
0.350664  0.000002  0.000002  0.000002  0.135652  0.000002  0.000002  0.000147  0.000002  0.000419  0.000002  0.000002  0.000002  0.000002  0.000002  0.000002  0.513097  0.000002
0.277731  0.000002  0.000002  0.000002  0.193958  0.000002  0.000002  0.000058  0.000002  0.000395  0.000002  0.000002  0.000002  0.000002  0.000002  0.000002  0.527838  0.000002
0.280212  0.000002  0.000002  0.001460  0.212872  0.000002  0.000002  0.001229  0.000626  0.001577  0.001034  0.000002  0.000002  0.000002  0.000277  0.000002  0.500697  0.000002
0.784012  0.000002  0.000002  0.000002  0.079904  0.000002  0.000002  0.001446  0.000002  0.002525  0.000597  0.000002  0.000002  0.000002  0.000393  0.000002  0.131103  0.000002
0.294827  0.000002  0.000002  0.000035  0.167585  0.000002  0.000002  0.000008  0.000002  0.000830  0.000002  0.000002  0.000002  0.000002  0.000116  0.000002  0.536582  0.000002
0.305220  0.000002  0.000002  0.000002  0.182369  0.000002  0.000002  0.000004  0.000002  0.000106  0.000002  0.000002  0.000002  0.000002  0.000002  0.000002  0.512280  0.000002
0.297876  0.000002  0.000002  0.000002  0.148128  0.000002  0.000002  0.000002  0.000002  0.000740  0.000002  0.000002  0.000002  0.000002  0.000002  0.000002  0.553234  0.000002
0.331488  0.000002  0.000002  0.000002  0.126446  0.000002  0.000002  0.000380  0.000169  0.000967  0.000298  0.000002  0.000002  0.000002  0.000089  0.000002  0.540148  0.000002
0.643883  0.000002  0.000002  0.002412  0.193577  0.000002  0.000002  0.002733  0.000002  0.004120  0.003610  0.000002  0.000002  0.000002  0.000146  0.000002  0.149503  0.000002
0.345046  0.001868  0.000002  0.026865  0.315398  0.000002  0.000002  0.049350  0.017267  0.047955  0.053789  0.000353  0.000002  0.015542  0.037796  0.014284  0.074480  0.000002
0.344215  0.002004  0.000002  0.011854  0.346512  0.000002  0.000002  0.040334  0.008499  0.057195  0.054517  0.000002  0.000002  0.005828  0.006080  0.009583  0.113367  0.000002
0.355835  0.001995  0.000002  0.010860  0.307908  0.000002  0.000002  0.066493  0.023899  0.066960  0.031609  0.001205  0.000002  0.006042  0.028961  0.007777  0.090447  0.000002
0.381018  0.000400  0.000002  0.028122  0.332032  0.000002  0.000002  0.026720  0.008906  0.056459  0.055272  0.000002  0.000002  0.006008  0.011319  0.003984  0.089749  0.000002
0.370373  0.006247  0.000002  0.014991  0.285555  0.000002  0.000002  0.046346  0.005499  0.094945  0.045111  0.000002  0.000002  0.009712  0.025564  0.011925  0.083724  0.000002
0.312476  0.003002  0.000002  0.017005  0.331581  0.000002  0.000002  0.042696  0.026917  0.086684  0.022372  0.000002  0.000002  0.006162  0.026264  0.008873  0.115958  0.000002
0.402710  0.001302  0.000002  0.009669  0.352785  0.000002  0.000002  0.048371  0.015781  0.040195  0.050170  0.000002  0.000002  0.005653  0.010410  0.003685  0.059260  0.000002
0.381998  0.004719  0.000002  0.018652  0.339287  0.000002  0.000002  0.034122  0.006650  0.042772  0.070434  0.000002  0.000002  0.008881  0.012830  0.002930  0.076715  0.000002
0.383958  0.001907  0.000002  0.019289  0.319658  0.000002  0.000002  0.044969  0.009278  0.072802  0.048669  0.000002  0.000002  0.004982  0.012197  0.003242  0.079040  0.000002
0.187798  0.005395  0.000179  0.042866  0.431611  0.000002  0.000002  0.073264  0.041629  0.051564  0.045542  0.000002  0.000002  0.010744  0.025273  0.031837  0.052290  0.000002
0.266935  0.005880  0.000002  0.025943  0.357661  0.000002  0.000002  0.033120  0.041460  0.078057  0.049305  0.000613  0.000002  0.004198  0.045560  0.014582  0.076677  0.000002
0.250569  0.006860  0.000002  0.025783  0.356743  0.000002  0.000971  0.094962  0.027271  0.042808  0.089374  0.002256  0.000002  0.012319  0.010668  0.022862  0.056547  0.000002
0.206394  0.014918  0.000276  0.026942  0.416159  0.000002  0.000002  0.090348  0.012718  0.054501  0.078698  0.000252  0.000524  0.013899  0.019492  0.020671  0.044204  0.000002
0.247165  0.003190  0.000002  0.026175  0.409961  0.000002  0.000002  0.052793  0.014505  0.077431  0.036553  0.001754  0.000002  0.015336  0.030262  0.017611  0.067257  0.000002
0.260962  0.003834  0.000002  0.040372  0.388974  0.000002  0.000002  0.029291  0.038423  0.056174  0.064943  0.007571  0.000002  0.031335  0.026432  0.007099  0.044582  0.000002
0.349476  0.005356  0.000002  0.023350  0.318296  0.000002  0.000002  0.034315  0.015369  0.065440  0.042933  0.000002  0.000002  0.009096  0.022360  0.012708  0.101292  0.000002
0.262089  0.000002  0.000002  0.000002  0.185856  0.000002  0.000002  0.000328  0.000002  0.000809  0.000320  0.000002  0.000002  0.000002  0.000136  0.000002  0.550445  0.000002
0.307030  0.000002  0.000002  0.000002  0.162207  0.000002  0.000002  0.000179  0.000002  0.001044  0.000028  0.000002  0.000002  0.000002  0.000177  0.000002  0.529318  0.000002
0.279884  0.003879  0.000002  0.021661  0.343319  0.000002  0.000002  0.041788  0.021235  0.067874  0.056449  0.000140  0.000002  0.012473  0.017577  0.008325  0.125387  0.000002
0.345428  0.005072  0.000002  0.012138  0.308635  0.000002  0.000002  0.082703  0.011835  0.046633  0.048824  0.000002  0.000002  0.006255  0.020407  0.019200  0.092860  0.000002
0.228380  0.025692  0.001363  0.048258  0.324438  0.000002  0.003402  0.071393  0.032364  0.031806  0.120204  0.001020  0.000002  0.034951  0.035475  0.034704  0.006545  0.000002
0.128195  0.023550  0.003984  0.050477  0.389120  0.000002  0.001495  0.081127  0.016277  0.031377  0.135475  0.000002  0.000295  0.031737  0.044203  0.024410  0.038274  0.000002
0.135330  0.024457  0.002519  0.044577  0.461683  0.000002  0.000002  0.041569  0.017334  0.066079  0.134052  0.000002  0.000378  0.024807  0.015801  0.015852  0.015559  0.000002
0.138831  0.047810  0.001504  0.047276  0.332004  0.000002  0.002988  0.076653  0.023704  0.061085  0.172734  0.000002  0.000819  0.038576  0.025579  0.009570  0.020862  0.000002
0.150380  0.025213  0.001635  0.068084  0.420140  0.000002  0.000470  0.073753  0.017153  0.083535  0.064213  0.000612  0.000002  0.025145  0.018429  0.013107  0.038127  0.000002
0.223529  0.014930  0.000648  0.066254  0.342005  0.000002  0.000536  0.066848  0.020303  0.082455  0.109141  0.000002  0.000002  0.012466  0.023881  0.014039  0.022959  0.000002
0.200060  0.021794  0.000002  0.076574  0.348136  0.000002  0.001928  0.041750  0.024726  0.036059  0.162334  0.001241  0.000002  0.028980  0.018612  0.022685  0.015114  0.000002
0.168886  0.063738  0.011875  0.072616  0.297004  0.000069  0.007350  0.056703  0.030513  0.055283  0.126385  0.000002  0.001611  0.027447  0.035913  0.016285  0.028318  0.000002
0.151282  0.038666  0.002183  0.090736  0.361728  0.000002  0.003194  0.079454  0.038706  0.045585  0.099817  0.003969  0.000698  0.047028  0.017995  0.017550  0.001406  0.000002
0.199031  0.015622  0.001055  0.050181  0.306110  0.000002  0.002012  0.051469  0.023749  0.043319  0.205425  0.000002  0.000287  0.054555  0.023771  0.018134  0.005276  0.000002
0.188974  0.012259  0.003857  0.091930  0.336048  0.000204  0.004149  0.078504  0.032347  0.085276  0.085457  0.002822  0.001491  0.019010  0.027366  0.017361  0.012942  0.000002
0.379687  0.000002  0.000002  0.000002  0.136060  0.000002  0.000002  0.000361  0.000002  0.000632  0.000002  0.000002  0.000002  0.000002  0.000005  0.000002  0.483236  0.000002
0.275751  0.000002  0.000002  0.000002  0.176613  0.000002  0.000002  0.000002  0.000002  0.000337  0.000002  0.000002  0.000002  0.000002  0.000002  0.000002  0.547277  0.000002
0.276254  0.000002  0.000002  0.000045  0.188242  0.000002  0.000002  0.000002  0.000002  0.000812  0.000785  0.000002  0.000002  0.000002  0.000097  0.000002  0.533746  0.000002
0.330570  0.000002  0.000002  0.000016  0.118679  0.000002  0.000002  0.000347  0.000002  0.000531  0.000002  0.000002  0.000002  0.000002  0.000002  0.000002  0.549838  0.000002
0.299126  0.000002  0.000002  0.000002  0.196763  0.000002  0.000002  0.000089  0.000002  0.000618  0.000002  0.000002  0.000002  0.000002  0.000003  0.000002  0.503383  0.000002
0.339236  0.000002  0.000002  0.000003  0.146531  0.000002  0.000002  0.000437  0.000002  0.000308  0.000002  0.000002  0.000002  0.000002  0.000044  0.000002  0.513424  0.000002
0.207240  0.015096  0.000866  0.044371  0.398071  0.000034  0.001344  0.071152  0.039474  0.029673  0.064208  0.003627  0.000002  0.032003  0.037298  0.014863  0.040678  0.000002
0.241899  0.007999  0.000878  0.034844  0.306006  0.000002  0.000009  0.042869  0.033052  0.086549  0.124715  0.000002  0.000002  0.021607  0.030813  0.023822  0.044933  0.000002
0.213651  0.012690  0.000002  0.040194  0.375496  0.000002  0.000698  0.067612  0.037688  0.065776  0.060593  0.000002  0.000002  0.015950  0.038846  0.026127  0.044672  0.000002
0.178519  0.020288  0.001082  0.063007  0.389291  0.000002  0.001213  0.083548  0.023260  0.072089  0.047455  0.000002  0.000002  0.009482  0.030419  0.032491  0.047849  0.000002
0.680421  0.000002  0.000002  0.002160  0.127177  0.000002  0.000002  0.006041  0.001729  0.012249  0.002449  0.000002  0.000002  0.000412  0.003534  0.000002  0.163814  0.000002
0.078204  0.015744  0.004196  0.270691  0.354976  0.000002  0.002472  0.038330  0.010937  0.010803  0.176656  0.001079  0.000002  0.008109  0.010365  0.017430  0.000002  0.000002
0.082823  0.025723  0.007087  0.284728  0.274825  0.000492  0.002845  0.074748  0.014348  0.021496  0.145573  0.024978  0.000672  0.013105  0.022939  0.003615  0.000002  0.000002
0.120561  0.009804  0.003100  0.305308  0.295907  0.000002  0.002409  0.058607  0.011450  0.016785  0.141623  0.000122  0.000002  0.007063  0.018135  0.009120  0.000002  0.000002
0.128979  0.023467  0.006006  0.385891  0.214306  0.001516  0.006370  0.058991  0.007256  0.007112  0.103194  0.021811  0.000280  0.015814  0.007182  0.011820  0.000002  0.000002
0.084911  0.019606  0.006465  0.362288  0.275231  0.000002  0.001847  0.053691  0.022438  0.009260  0.087876  0.039735  0.000002  0.015796  0.014702  0.006148  0.000002  0.000002
0.137303  0.043541  0.012074  0.387954  0.238433  0.001513  0.006802  0.040010  0.009611  0.009762  0.076390  0.008182  0.000854  0.011921  0.009334  0.006314  0.000002  0.000002
0.143815  0.023980  0.004293  0.273241  0.324235  0.000020  0.002002  0.077147  0.027652  0.010065  0.070719  0.018403  0.000002  0.007458  0.009924  0.007042  0.000002  0.000002
0.155911  0.007622  0.006513  0.356456  0.238957  0.000356  0.005535  0.037039  0.010899  0.010959  0.080595  0.051726  0.000432  0.010341  0.018921  0.007735  0.000002  0.000002
0.050433  0.025068  0.011020  0.352747  0.327697  0.001177  0.002733  0.029625  0.010434  0.005634  0.157756  0.002101  0.000002  0.008081  0.005583  0.009905  0.000002  0.000002
0.121172  0.023648  0.005445  0.302453  0.341496  0.000003  0.000242  0.043206  0.009647  0.017090  0.104292  0.007147  0.000002  0.008216  0.015018  0.000910  0.000013  0.000002
0.103348  0.018009  0.001559  0.310724  0.346308  0.000002  0.000499  0.050185  0.009468  0.013434  0.092443  0.020913  0.000002  0.012114  0.015160  0.005828  0.000002  0.000002
0.133666  0.027821  0.004601  0.384039  0.244993  0.000177  0.003641  0.049042  0.008976  0.014189  0.085874  0.005999  0.000568  0.010038  0.020882  0.005489  0.000002  0.000002
0.129107  0.022805  0.013612  0.308701  0.281714  0.001467  0.003178  0.061033  0.007454  0.020791  0.104601  0.007202  0.000480  0.008839  0.018652  0.009904  0.000459  0.000002
0.083046  0.038620  0.004674  0.492657  0.214000  0.000450  0.002837  0.034419  0.005330  0.004907  0.086149  0.013121  0.000002  0.010824  0.007093  0.001870  0.000002  0.000002
0.087294  0.039316  0.005191  0.357988  0.288095  0.000230  0.003756  0.049912  0.011206  0.014299  0.114467  0.010183  0.000002  0.007124  0.003944  0.006992  0.000002  0.000002
0.207826  0.015027  0.001105  0.043943  0.382039  0.000002  0.000020  0.085353  0.029630  0.047236  0.133595  0.000002  0.000002  0.015360  0.015646  0.004178  0.019034  0.000002
0.139960  0.009666  0.002976  0.026586  0.371559  0.000041  0.000448  0.072190  0.026002  0.058837  0.172597  0.001645  0.000632  0.026755  0.054258  0.008423  0.027426  0.000002
0.175662  0.007754  0.001052  0.031233  0.447348  0.000002  0.000002  0.037334  0.007073  0.095113  0.044607  0.000002  0.000421  0.013271  0.026226  0.042444  0.070457  0.000002
0.269572  0.004926  0.000002  0.023241  0.313822  0.000002  0.000002  0.044514  0.019948  0.076599  0.140667  0.000002  0.000301  0.019089  0.011706  0.022708  0.052900  0.000002
0.065723  0.019005  0.007037  0.438610  0.322262  0.000604  0.002137  0.018279  0.001595  0.006534  0.105845  0.000002  0.000002  0.003722  0.006829  0.001812  0.000002  0.000002
0.085635  0.015391  0.001665  0.424998  0.400833  0.000002  0.000272  0.020090  0.000527  0.003419  0.040832  0.000002  0.000002  0.000907  0.004700  0.000457  0.000267  0.000002
0.087175  0.039570  0.010362  0.326384  0.290286  0.000002  0.004962  0.050432  0.018108  0.008017  0.131981  0.006637  0.000742  0.012184  0.006531  0.006624  0.000002  0.000002
0.100931  0.032456  0.012479  0.410181  0.180121  0.000492  0.005621  0.057513  0.012109  0.007985  0.108155  0.025146  0.000055  0.011965  0.024531  0.010221  0.000039  0.000002
0.061531  0.007523  0.002486  0.431983  0.254298  0.000002  0.001892  0.042463  0.008150  0.005034  0.159452  0.015531  0.000002  0.003958  0.002211  0.003481  0.000002  0.000002
0.112385  0.051544  0.004472  0.263161  0.308981  0.000561  0.002265  0.038315  0.029085  0.020434  0.104807  0.017004  0.000412  0.015575  0.019583  0.011412  0.000002  0.000002
0.118539  0.019557  0.000999  0.322223  0.376427  0.000002  0.000631  0.016560  0.003199  0.008980  0.124573  0.000002  0.000002  0.001963  0.003441  0.002900  0.000002  0.000002
0.044802  0.020066  0.003227  0.401681  0.416341  0.000204  0.000781  0.011433  0.000569  0.005382  0.086857  0.000002  0.000002  0.000939  0.005209  0.002504  0.000002  0.000002
0.067419  0.031981  0.000925  0.465834  0.324513  0.000439  0.001184  0.011013  0.002210  0.008739  0.080298  0.000002  0.000002  0.000522  0.001873  0.003042  0.000002  0.000002
0.138692  0.019277  0.001388  0.415090  0.263468  0.000002  0.000551  0.043492  0.007628  0.012221  0.050677  0.022802  0.000002  0.008769  0.011369  0.004571  0.000002  0.000002
0.088315  0.042558  0.002642  0.400186  0.359152  0.000002  0.000502  0.021411  0.004434  0.006621  0.066885  0.000002  0.000002  0.002221  0.002671  0.002394  0.000002  0.000002
0.102782  0.052201  0.008355  0.215132  0.355252  0.002831  0.008208  0.036497  0.026188  0.010574  0.102780  0.027270  0.000002  0.015593  0.018472  0.017859  0.000002  0.000002
0.097059  0.030316  0.014279  0.313634  0.246852  0.001651  0.004027  0.064168  0.016285  0.005705  0.098863  0.062854  0.000002  0.021083  0.019803  0.003416  0.000002  0.000002
0.138231  0.039406  0.008483  0.308747  0.264041  0.000314  0.004368  0.032904  0.017187  0.005119  0.114810  0.036778  0.000710  0.015076  0.010041  0.003556  0.000230  0.000002
0.097200  0.035404  0.003488  0.354544  0.285614  0.000345  0.002891  0.040674  0.007287  0.014435  0.108945  0.025077  0.000002  0.005927  0.009003  0.009162  0.000002  0.000002
0.065200  0.037973  0.007407  0.277580  0.238266  0.000269  0.004628  0.046196  0.022262  0.019985  0.193884  0.030703  0.001353  0.033171  0.014798  0.006322  0.000002  0.000002
0.123224  0.040130  0.003527  0.361957  0.206042  0.000002  0.000812  0.056169  0.013121  0.009275  0.114605  0.032555  0.001176  0.016151  0.013960  0.004683  0.002612  0.000002
0.117025  0.021148  0.006266  0.197349  0.323108  0.000002  0.003394  0.038005  0.007299  0.022368  0.203019  0.023111  0.000862  0.011686  0.019029  0.005966  0.000363  0.000002
0.098980  0.015688  0.008402  0.267014  0.237525  0.000849  0.002726  0.051252  0.019001  0.019694  0.157963  0.059526  0.000450  0.026202  0.028299  0.006154  0.000272  0.000002
0.158921  0.008834  0.002866  0.382740  0.242568  0.000002  0.001740  0.058471  0.012021  0.001271  0.061973  0.031052  0.000002  0.016623  0.013228  0.007686  0.000002  0.000002
0.083682  0.031546  0.006190  0.433450  0.252318  0.001828  0.003489  0.074668  0.003364  0.003004  0.080963  0.001012  0.000870  0.011239  0.006785  0.005590  0.000002  0.000002
0.075830  0.019218  0.011416  0.369351  0.258066  0.000002  0.002238  0.063870  0.009520  0.015542  0.126839  0.021621  0.000002  0.010850  0.009573  0.006058  0.000002  0.000002
0.051716  0.035469  0.013913  0.228959  0.347298  0.002118  0.002396  0.081454  0.020973  0.014260  0.151592  0.015429  0.000681  0.013414  0.014659  0.005666  0.000002  0.000002
0.060690  0.014278  0.001720  0.341942  0.356293  0.000466  0.001559  0.052385  0.011000  0.009282  0.108665  0.008072  0.000002  0.019189  0.012562  0.001890  0.000002  0.000002
0.121779  0.019372  0.008686  0.325282  0.235876  0.000901  0.003078  0.080290  0.019158  0.016779  0.071597  0.037315  0.000002  0.026838  0.023064  0.009978  0.000002  0.000002
0.123141  0.031022  0.010172  0.331419  0.233099  0.000811  0.000992  0.046109  0.013093  0.007628  0.123677  0.017561  0.001423  0.020277  0.020408  0.019167  0.000002  0.000002
