0.710846 0.204217 0.000010 0.043626 0.000010 0.000010 0.009643 0.031637
0.791119 0.160013 0.000010 0.015351 0.000012 0.000010 0.033475 0.000010
0.000010 0.000010 0.000010 0.000010 0.000010 0.000010 0.999930 0.000010
0.000010 0.909897 0.000010 0.056916 0.000010 0.000010 0.033137 0.000010
0.000010 0.937368 0.000010 0.062572 0.000010 0.000010 0.000010 0.000010
0.000010 0.974536 0.000010 0.000010 0.000010 0.000010 0.025404 0.000010
0.000010 0.999601 0.000010 0.000339 0.000010 0.000010 0.000010 0.000010
0.000010 0.000010 0.000010 0.999930 0.000010 0.000010 0.000010 0.000010
0.000010 0.987557 0.000010 0.012383 0.000010 0.000010 0.000010 0.000010
0.000010 0.000010 0.000010 0.999930 0.000010 0.000010 0.000010 0.000010
0.000010 0.996222 0.000010 0.003718 0.000010 0.000010 0.000010 0.000010
0.000010 0.965046 0.000010 0.000010 0.000010 0.000010 0.000010 0.034894
0.031719 0.964118 0.000010 0.000010 0.000010 0.000010 0.004112 0.000010
0.000010 0.000010 0.000010 0.999930 0.000010 0.000010 0.000010 0.000010
0.000010 0.000010 0.000010 0.000010 0.000010 0.000010 0.999930 0.000010
0.000010 0.000010 0.000010 0.000010 0.000010 0.000010 0.999930 0.000010
0.000010 0.000010 0.000010 0.000010 0.000010 0.000010 0.999930 0.000010
0.000010 0.000010 0.000010 0.000010 0.000010 0.000010 0.999930 0.000010
0.000010 0.000010 0.000010 0.000010 0.000010 0.000010 0.999930 0.000010
0.000010 0.000010 0.000010 0.000010 0.000010 0.000010 0.999930 0.000010
0.829936 0.059208 0.000010 0.073143 0.000010 0.000010 0.007449 0.030234
0.917529 0.061344 0.000010 0.017487 0.000010 0.000010 0.003600 0.000010
0.845020 0.000010 0.000010 0.035443 0.000010 0.000010 0.000010 0.119487
0.907949 0.000010 0.000010 0.000010 0.000010 0.000010 0.070549 0.021451
0.882666 0.000010 0.000010 0.000010 0.000010 0.000010 0.000010 0.117274
0.000010 0.000010 0.000010 0.038049 0.000010 0.000010 0.085708 0.876193
0.912642 0.000010 0.000010 0.000010 0.000010 0.000010 0.000010 0.087298
0.000610 0.034695 0.650773 0.000010 0.000010 0.309570 0.000010 0.004322
0.000010 0.000010 0.000010 0.000010 0.000010 0.000010 0.999930 0.000010
0.915992 0.000010 0.000010 0.000010 0.000010 0.000010 0.000010 0.083948
0.000010 0.000010 0.000010 0.000010 0.000010 0.000010 0.101217 0.898723
0.000010 0.000010 0.000010 0.000010 0.000010 0.000010 0.999930 0.000010
0.000010 0.000010 0.000010 0.000010 0.999930 0.000010 0.000010 0.000010
0.000010 0.000010 0.000010 0.000016 0.999924 0.000010 0.000010 0.000010
0.000010 0.000010 0.000010 0.000010 0.999930 0.000010 0.000010 0.000010
0.000010 0.000010 0.000010 0.000010 0.999930 0.000010 0.000010 0.000010
0.000010 0.000010 0.000010 0.000010 0.999930 0.000010 0.000010 0.000010
0.000010 0.000010 0.000010 0.000010 0.999930 0.000010 0.000010 0.000010
0.000010 0.000010 0.000010 0.000016 0.999924 0.000010 0.000010 0.000010
0.000010 0.000010 0.000010 0.000014 0.999926 0.000010 0.000010 0.000010
0.000010 0.000010 0.000010 0.000010 0.999930 0.000010 0.000010 0.000010
0.000010 0.000010 0.000010 0.000010 0.999930 0.000010 0.000010 0.000010
0.000012 0.000010 0.000010 0.000010 0.999928 0.000010 0.000010 0.000010
0.781255 0.000010 0.000010 0.053839 0.000010 0.000010 0.050936 0.113930
0.850655 0.000010 0.000010 0.052513 0.000010 0.000010 0.000010 0.096782
0.000010 0.000010 0.000010 0.000010 0.000010 0.000010 0.048774 0.951166
0.000010 0.000010 0.000010 0.000010 0.000010 0.000010 0.999930 0.000010
0.000010 0.000012 0.000010 0.000010 0.000010 0.000010 0.999928 0.000010
0.000010 0.000010 0.000010 0.000010 0.000010 0.000010 0.999930 0.000010
0.000010 0.000010 0.000010 0.000010 0.000010 0.000010 0.999930 0.000010
0.000010 0.000010 0.000010 0.000010 0.000010 0.000010 0.999930 0.000010
0.819949 0.000010 0.000010 0.005959 0.000010 0.000010 0.000010 0.174042
0.761883 0.000010 0.000010 0.034428 0.000010 0.000010 0.038892 0.164757
0.000010 0.000010 0.000010 0.000010 0.000010 0.000010 0.999930 0.000010
0.000010 0.000010 0.000010 0.000010 0.000010 0.000010 0.999930 0.000010
0.000010 0.000010 0.000010 0.000010 0.000010 0.000010 0.999930 0.000010
0.146345 0.000010 0.000010 0.000010 0.000010 0.000010 0.110196 0.743409
0.000010 0.000010 0.000010 0.000010 0.000010 0.000010 0.999930 0.000010
0.000010 0.000010 0.000010 0.000010 0.000010 0.000010 0.999930 0.000010
0.000010 0.000010 0.000010 0.000010 0.000010 0.000010 0.988086 0.011854
0.000010 0.000010 0.000010 0.000010 0.000010 0.000010 0.999930 0.000010
0.000010 0.000010 0.000010 0.000010 0.000010 0.000010 0.968005 0.031935
0.000010 0.000010 0.000010 0.000010 0.000010 0.000010 0.999930 0.000010
0.000010 0.000010 0.861601 0.010137 0.057845 0.070377 0.000010 0.000010
0.006218 0.000010 0.930019 0.000010 0.051830 0.011893 0.000010 0.000010
0.000010 0.000010 0.933759 0.000010 0.014366 0.029582 0.000010 0.022254
0.000010 0.000010 0.867466 0.002772 0.048737 0.080985 0.000010 0.000010
0.000010 0.000010 0.963377 0.000010 0.036563 0.000010 0.000010 0.000010
0.000010 0.000010 0.923895 0.000010 0.038230 0.037823 0.000012 0.000010
0.000010 0.000010 0.823357 0.000010 0.050490 0.126104 0.000010 0.000010
0.000010 0.000010 0.000010 0.000010 0.000010 0.000010 0.999930 0.000010
0.000010 0.000010 0.000010 0.000010 0.000011 0.000010 0.999929 0.000010
0.203713 0.000010 0.000010 0.000010 0.000010 0.000010 0.095347 0.700890
0.000010 0.000010 0.000010 0.000010 0.000010 0.000010 0.999930 0.000010
0.000010 0.000010 0.000010 0.000010 0.000010 0.000010 0.999930 0.000010
0.000010 0.000010 0.000010 0.000010 0.000010 0.000010 0.999930 0.000010
0.324042 0.468261 0.120680 0.026484 0.000010 0.041055 0.006687 0.012781
0.360990 0.562150 0.020565 0.015499 0.000010 0.000010 0.000010 0.040765
0.000010 0.999930 0.000010 0.000010 0.000010 0.000010 0.000010 0.000010
0.382692 0.550146 0.000010 0.057398 0.000010 0.004011 0.000010 0.005723
0.368215 0.509888 0.005616 0.022510 0.000010 0.089674 0.004037 0.000049
0.428178 0.453454 0.110447 0.007880 0.000010 0.000010 0.000010 0.000010
0.000010 0.999930 0.000010 0.000010 0.000010 0.000010 0.000010 0.000010
0.885568 0.000010 0.000010 0.070879 0.000010 0.000010 0.021849 0.021665
0.932837 0.000010 0.000010 0.000010 0.000010 0.000010 0.061391 0.005722
0.850041 0.000010 0.000010 0.036261 0.000010 0.000010 0.000010 0.113649
0.851548 0.000010 0.000010 0.045989 0.000010 0.000010 0.026024 0.076399
0.897289 0.000010 0.000010 0.000010 0.000010 0.000010 0.018766 0.083896
0.890890 0.000010 0.000010 0.000010 0.000010 0.000010 0.035390 0.073671
0.896205 0.000010 0.000010 0.000354 0.000010 0.000010 0.060407 0.042993
0.893770 0.000010 0.000010 0.000010 0.000010 0.000010 0.016322 0.089858
0.000010 0.000010 0.921603 0.000010 0.014442 0.056721 0.007194 0.000010
0.000010 0.000010 0.864714 0.000010 0.017306 0.089464 0.002349 0.026136
0.000010 0.000010 0.945139 0.000010 0.000010 0.052032 0.000010 0.002779
0.000010 0.000010 0.978266 0.000010 0.014996 0.006688 0.000010 0.000010
0.000010 0.000010 0.941592 0.000010 0.000010 0.058348 0.000010 0.000010
0.000010 0.000010 0.960871 0.000010 0.002371 0.036708 0.000010 0.000010
0.000010 0.000010 0.937118 0.000010 0.000010 0.062822 0.000010 0.000010
0.999930 0.000010 0.000010 0.000010 0.000010 0.000010 0.000010 0.000010
0.957377 0.000010 0.000010 0.000010 0.000010 0.000010 0.028830 0.013743
0.254262 0.395484 0.290792 0.000010 0.000010 0.014398 0.008754 0.036289
0.347860 0.334458 0.280008 0.000010 0.000010 0.032420 0.005225 0.000010
0.381842 0.308650 0.297712 0.000010 0.000010 0.001886 0.000010 0.009880
0.231136 0.385564 0.346632 0.025072 0.000010 0.000010 0.011566 0.000010
0.298774 0.419178 0.250821 0.000010 0.000010 0.031187 0.000010 0.000010
0.295924 0.339048 0.331133 0.012615 0.000010 0.000010 0.021250 0.000010
0.305975 0.394682 0.279541 0.000010 0.000010 0.000010 0.019762 0.000010
0.246745 0.488437 0.213140 0.000015 0.000010 0.051633 0.000010 0.000010
0.618251 0.315801 0.000010 0.062531 0.000010 0.000010 0.003378 0.000010
0.571528 0.353871 0.000010 0.029423 0.000010 0.000010 0.000010 0.045138
0.685872 0.289901 0.000010 0.013054 0.000010 0.000010 0.011133 0.000010
0.827398 0.000010 0.000010 0.000010 0.000010 0.000010 0.028905 0.143647
0.878169 0.000010 0.000010 0.000010 0.000010 0.000010 0.070553 0.051227
0.967917 0.000010 0.000010 0.032023 0.000010 0.000010 0.000010 0.000010
0.904475 0.047256 0.000010 0.005028 0.000010 0.000010 0.021744 0.021467
0.935771 0.000010 0.000010 0.064169 0.000010 0.000010 0.000010 0.000010
0.280954 0.425536 0.234990 0.000010 0.001864 0.043249 0.013386 0.000010
0.917290 0.047686 0.000010 0.000010 0.000010 0.000010 0.018533 0.016451
0.880465 0.061739 0.000010 0.018426 0.000010 0.000010 0.029615 0.009725
0.000010 0.000010 0.000010 0.000010 0.000010 0.000010 0.999930 0.000010
0.000010 0.000010 0.000010 0.000010 0.000010 0.000010 0.999930 0.000010
0.000010 0.000010 0.000010 0.000010 0.000010 0.000010 0.999930 0.000010
0.000010 0.000010 0.000010 0.000010 0.000010 0.000010 0.999930 0.000010
0.000010 0.000010 0.000010 0.000010 0.000010 0.000010 0.999930 0.000010
0.000010 0.000010 0.000010 0.000010 0.000010 0.000010 0.999930 0.000010
0.000010 0.000010 0.000010 0.000012 0.000014 0.000010 0.999924 0.000010
0.000010 0.000010 0.000010 0.000010 0.000010 0.000010 0.105122 0.894818
0.000010 0.000010 0.000010 0.000010 0.000010 0.000010 0.999930 0.000010
0.000010 0.000010 0.000010 0.000010 0.000010 0.000010 0.999930 0.000010
0.000010 0.000010 0.000010 0.000010 0.000010 0.000010 0.999930 0.000010
0.000010 0.000010 0.000010 0.000010 0.000010 0.000010 0.110216 0.889724
0.000010 0.000010 0.000010 0.000010 0.000010 0.000010 0.999930 0.000010
0.000010 0.000010 0.000010 0.000010 0.000010 0.000010 0.999930 0.000010
0.000010 0.000010 0.000010 0.000010 0.000010 0.000010 0.999930 0.000010
0.000010 0.000010 0.000010 0.000010 0.000010 0.000010 0.999930 0.000010
0.032064 0.000010 0.000010 0.000010 0.000010 0.000010 0.105118 0.862768
0.771202 0.000010 0.000010 0.000010 0.000010 0.000010 0.095919 0.132829
0.661064 0.000010 0.000012 0.038309 0.000010 0.000010 0.118225 0.182360
0.715094 0.000010 0.000010 0.000010 0.000010 0.000010 0.098526 0.186329
0.666122 0.000010 0.000010 0.000010 0.000010 0.000010 0.049310 0.284518
0.750021 0.000010 0.000010 0.017112 0.000010 0.000010 0.069632 0.163195
0.732712 0.000010 0.000010 0.000010 0.000010 0.000010 0.091826 0.175412
0.735389 0.000010 0.000010 0.000010 0.000010 0.000010 0.039894 0.224668
0.722037 0.000010 0.000010 0.000010 0.000010 0.000010 0.030549 0.247364
0.744571 0.000010 0.000010 0.000010 0.000010 0.000010 0.064587 0.190792
0.879968 0.000010 0.000010 0.065389 0.000010 0.000010 0.015366 0.039237
0.909502 0.000010 0.000010 0.010486 0.000010 0.000010 0.044402 0.035569
0.925544 0.000010 0.000010 0.000010 0.000010 0.000010 0.033081 0.041325
0.863350 0.000010 0.000010 0.024810 0.000010 0.000010 0.044586 0.067215
0.874041 0.000010 0.000010 0.049036 0.000010 0.000010 0.048291 0.028593
0.888906 0.000010 0.000010 0.000010 0.000010 0.000010 0.035467 0.075577
0.703723 0.000010 0.000010 0.000010 0.000010 0.000010 0.042168 0.254059
0.000010 0.000010 0.000010 0.000010 0.000010 0.000010 0.999930 0.000010
0.000010 0.000010 0.000010 0.000010 0.000010 0.000010 0.999930 0.000010
0.748517 0.000010 0.000010 0.000010 0.000010 0.000010 0.080010 0.171423
0.760228 0.000010 0.000010 0.000010 0.000010 0.000010 0.024113 0.215610
0.000010 0.999930 0.000010 0.000010 0.000010 0.000010 0.000010 0.000010
0.000010 0.999930 0.000010 0.000010 0.000010 0.000010 0.000010 0.000010
0.000010 0.999930 0.000010 0.000010 0.000010 0.000010 0.000010 0.000010
0.000010 0.999930 0.000010 0.000010 0.000010 0.000010 0.000010 0.000010
0.000010 0.996239 0.000010 0.000010 0.000010 0.000010 0.003701 0.000010
0.000010 0.995576 0.000010 0.000010 0.000010 0.000010 0.004364 0.000010
0.000010 0.999930 0.000010 0.000010 0.000010 0.000010 0.000010 0.000010
0.000010 0.999930 0.000010 0.000010 0.000010 0.000010 0.000010 0.000010
0.000010 0.999930 0.000010 0.000010 0.000010 0.000010 0.000010 0.000010
0.000010 0.999930 0.000010 0.000010 0.000010 0.000010 0.000010 0.000010
0.000010 0.983647 0.000010 0.016293 0.000010 0.000010 0.000010 0.000010
0.000010 0.000010 0.000010 0.000010 0.000010 0.000010 0.999930 0.000010
0.000010 0.000010 0.000010 0.000010 0.000010 0.000010 0.999930 0.000010
0.000010 0.000010 0.000010 0.000010 0.000010 0.000010 0.999930 0.000010
0.000010 0.000010 0.000010 0.000010 0.000010 0.000010 0.999930 0.000010
0.000010 0.000011 0.000010 0.000010 0.000010 0.000010 0.999929 0.000010
0.000010 0.000010 0.000010 0.000010 0.000010 0.000010 0.999930 0.000010
0.862927 0.114609 0.000010 0.000010 0.000010 0.000010 0.022414 0.000010
0.681274 0.265309 0.000019 0.038863 0.000010 0.000010 0.014505 0.000010
0.749501 0.216954 0.000010 0.033495 0.000010 0.000010 0.000010 0.000010
0.686838 0.275099 0.000010 0.033605 0.000010 0.000010 0.004417 0.000010
0.000010 0.000010 0.000010 0.000010 0.000010 0.000010 0.085692 0.914248
0.000010 0.000010 0.999798 0.000142 0.000010 0.000010 0.000010 0.000010
0.000010 0.000010 0.985851 0.000010 0.000010 0.014089 0.000010 0.000010
0.000010 0.000010 0.952267 0.000010 0.000010 0.047673 0.000010 0.000010
0.000010 0.000010 0.891399 0.000010 0.010428 0.086609 0.011524 0.000010
0.000010 0.021716 0.953228 0.000010 0.000010 0.019525 0.005491 0.000010
0.000010 0.000010 0.973455 0.000010 0.000010 0.026485 0.000010 0.000010
0.000010 0.000010 0.902976 0.000010 0.000010 0.090232 0.004722 0.002030
0.000010 0.000010 0.955031 0.000010 0.000010 0.031885 0.013034 0.000010
0.000010 0.000010 0.904715 0.000010 0.000010 0.095225 0.000010 0.000010
0.000010 0.000010 0.913527 0.000010 0.000010 0.086413 0.000010 0.000010
0.000010 0.000010 0.906189 0.000010 0.000010 0.093751 0.000010 0.000010
0.000010 0.000010 0.892129 0.015889 0.000010 0.091932 0.000010 0.000010
0.000010 0.000010 0.879121 0.000010 0.000010 0.093175 0.000010 0.027654
0.000010 0.017113 0.757723 0.015513 0.012426 0.197195 0.000010 0.000010
0.000010 0.022977 0.880325 0.017913 0.000010 0.078745 0.000010 0.000010
0.000010 0.964182 0.000010 0.000010 0.000010 0.000010 0.000010 0.035758
0.000010 0.987447 0.000010 0.000010 0.000010 0.000010 0.012493 0.000010
0.913678 0.000010 0.000010 0.000010 0.000010 0.000010 0.054923 0.031349
0.953272 0.000010 0.000010 0.000010 0.000010 0.000010 0.000010 0.046668
0.000010 0.000010 0.000010 0.000010 0.000010 0.999930 0.000010 0.000010
0.000010 0.000010 0.000010 0.000010 0.000010 0.999930 0.000010 0.000010
0.000010 0.000010 0.896521 0.030633 0.000010 0.072797 0.000010 0.000010
0.000010 0.042310 0.846163 0.000010 0.007405 0.104082 0.000010 0.000010
0.000010 0.000010 0.910133 0.000010 0.000010 0.089807 0.000010 0.000010
0.000010 0.000010 0.899354 0.000010 0.004954 0.095642 0.000010 0.000010
0.000010 0.000010 0.000010 0.000010 0.000010 0.999930 0.000010 0.000010
0.000010 0.000010 0.000010 0.000010 0.000010 0.999925 0.000015 0.000010
0.000010 0.000010 0.000010 0.000010 0.000010 0.999930 0.000010 0.000010
0.000010 0.000010 0.905617 0.017577 0.000010 0.075093 0.000010 0.001673
0.000010 0.000010 0.000010 0.000010 0.000014 0.999926 0.000010 0.000010
0.003235 0.000010 0.892794 0.000010 0.019704 0.083737 0.000500 0.000010
0.000010 0.000010 0.906617 0.000010 0.026222 0.067111 0.000010 0.000010
0.000010 0.000010 0.983677 0.000010 0.000010 0.000019 0.016254 0.000010
0.000010 0.000010 0.929928 0.007402 0.030296 0.032334 0.000010 0.000010
0.000010 0.000010 0.949315 0.021685 0.028950 0.000010 0.000010 0.000010
0.000010 0.000010 0.875001 0.000010 0.025422 0.099527 0.000010 0.000010
0.000010 0.016843 0.921308 0.000010 0.024536 0.037273 0.000010 0.000010
0.000010 0.000010 0.987319 0.000010 0.012621 0.000010 0.000010 0.000010
0.000010 0.010770 0.979586 0.000010 0.000010 0.000010 0.000010 0.009594
0.000010 0.000010 0.859915 0.000010 0.018720 0.121315 0.000010 0.000010
0.000010 0.000010 0.972130 0.000010 0.008512 0.019308 0.000010 0.000010
0.000010 0.000010 0.869115 0.000010 0.019343 0.111493 0.000010 0.000010
0.000010 0.000010 0.999930 0.000010 0.000010 0.000010 0.000010 0.000010
0.000010 0.000010 0.985624 0.000010 0.000010 0.000010 0.003376 0.010950
0.000010 0.000010 0.941067 0.000010 0.010431 0.031331 0.000010 0.017132
0.000010 0.000010 0.963389 0.000010 0.021952 0.000010 0.000010 0.014610
0.000010 0.000010 0.999930 0.000010 0.000010 0.000010 0.000010 0.000010
0.000010 0.025305 0.786130 0.000010 0.027457 0.161068 0.000010 0.000010
0.000010 0.019997 0.959928 0.000010 0.000010 0.020025 0.000010 0.000010
0.000010 0.000010 0.950628 0.000010 0.000010 0.047529 0.000010 0.001793
0.000010 0.000010 0.000010 0.000010 0.000010 0.999924 0.000016 0.000010
0.000010 0.000010 0.000010 0.000010 0.000010 0.999930 0.000010 0.000010
0.000010 0.000010 0.000010 0.000010 0.000010 0.999930 0.000010 0.000010
0.000010 0.000010 0.000010 0.000010 0.999930 0.000010 0.000010 0.000010
0.795559 0.000010 0.000010 0.000010 0.000010 0.000010 0.045795 0.158595
0.000010 0.000010 0.000010 0.000010 0.999930 0.000010 0.000010 0.000010
0.000010 0.000010 0.000010 0.000010 0.999930 0.000010 0.000010 0.000010
0.000010 0.000010 0.000010 0.000010 0.999930 0.000010 0.000010 0.000010
0.000010 0.000010 0.000010 0.000010 0.999930 0.000010 0.000010 0.000010
0.000010 0.000010 0.000010 0.000010 0.999930 0.000010 0.000010 0.000010
0.000010 0.000010 0.000010 0.000010 0.999930 0.000010 0.000010 0.000010
0.000010 0.000010 0.000010 0.000010 0.999930 0.000010 0.000010 0.000010
0.000010 0.000010 0.000010 0.000010 0.999930 0.000010 0.000010 0.000010
0.000010 0.000010 0.000010 0.000010 0.999930 0.000010 0.000010 0.000010
0.000010 0.000012 0.000010 0.000010 0.999928 0.000010 0.000010 0.000010
0.712291 0.000010 0.000010 0.000010 0.000010 0.000010 0.059170 0.228488
0.000010 0.000010 0.000010 0.000013 0.999927 0.000010 0.000010 0.000010
0.000010 0.000010 0.000010 0.000010 0.999930 0.000010 0.000010 0.000010
0.000010 0.000010 0.000010 0.000010 0.999930 0.000010 0.000010 0.000010
0.000010 0.000010 0.000010 0.000010 0.999930 0.000010 0.000010 0.000010
0.000010 0.000010 0.000010 0.000010 0.999930 0.000010 0.000010 0.000010
0.000010 0.000010 0.000010 0.000010 0.999928 0.000010 0.000012 0.000010
0.000010 0.000010 0.000010 0.000010 0.999930 0.000010 0.000010 0.000010
0.000010 0.000010 0.914766 0.013586 0.022586 0.049023 0.000010 0.000010
0.000010 0.000010 0.914235 0.000010 0.037990 0.047725 0.000010 0.000010
0.032287 0.000010 0.852299 0.000010 0.000010 0.103194 0.000010 0.012180
0.000010 0.000010 0.934435 0.013376 0.000010 0.052140 0.000010 0.000010
0.000010 0.000010 0.890974 0.000010 0.000010 0.108966 0.000010 0.000010
0.000010 0.000010 0.895399 0.000010 0.000010 0.104541 0.000010 0.000010
0.000010 0.000010 0.714819 0.000010 0.009025 0.260411 0.010698 0.005017
0.019439 0.000010 0.690491 0.000010 0.005500 0.284530 0.000010 0.000010
0.000010 0.000010 0.770912 0.000010 0.000010 0.229028 0.000010 0.000010
0.000010 0.000010 0.878623 0.000010 0.006989 0.114338 0.000010 0.000010
0.000010 0.000010 0.949680 0.000010 0.000010 0.041970 0.000010 0.008299
0.000010 0.000010 0.884423 0.000010 0.000010 0.115517 0.000010 0.000010
0.000010 0.000010 0.857189 0.000010 0.016566 0.126195 0.000010 0.000010
0.000010 0.000010 0.939275 0.000010 0.000010 0.060665 0.000010 0.000010
0.019362 0.000010 0.722992 0.000010 0.000010 0.257596 0.000010 0.000010
0.000010 0.000010 0.905037 0.000010 0.000010 0.080790 0.014123 0.000010
0.000010 0.000010 0.657383 0.015179 0.002843 0.310688 0.000010 0.013878
0.000010 0.000010 0.730485 0.000010 0.000010 0.269455 0.000010 0.000010
0.000010 0.000010 0.702402 0.000010 0.000010 0.297538 0.000010 0.000010
0.000010 0.000010 0.766167 0.000010 0.000010 0.233773 0.000010 0.000010
0.000010 0.000010 0.817105 0.000010 0.000010 0.182835 0.000010 0.000010
0.014189 0.000010 0.949317 0.000010 0.000010 0.036444 0.000010 0.000010
0.785883 0.000010 0.000010 0.000010 0.000010 0.000010 0.045041 0.169026
0.494837 0.000010 0.000010 0.434123 0.000010 0.000010 0.000010 0.070990
0.442686 0.000010 0.000010 0.437729 0.000010 0.000010 0.020484 0.099061
0.000010 0.000010 0.000010 0.827854 0.000010 0.000010 0.000010 0.172086
0.000010 0.000010 0.000010 0.999930 0.000010 0.000010 0.000010 0.000010
0.000010 0.000010 0.978567 0.003212 0.000010 0.000010 0.002394 0.015788
0.000010 0.000010 0.995011 0.000010 0.004929 0.000010 0.000010 0.000010
0.000010 0.000010 0.838572 0.019268 0.046124 0.082661 0.000197 0.013156
0.000010 0.000010 0.993945 0.000010 0.005995 0.000010 0.000010 0.000010
0.000010 0.000010 0.933302 0.000010 0.002603 0.064044 0.000010 0.000010
0.000010 0.000010 0.990377 0.000010 0.001137 0.000010 0.000010 0.008436
0.714381 0.240463 0.000010 0.014685 0.000010 0.000010 0.000010 0.030432
0.810366 0.000010 0.000010 0.000010 0.000010 0.000010 0.023568 0.166017
0.000010 0.000010 0.936286 0.000010 0.020159 0.032956 0.010560 0.000010
0.000010 0.000010 0.999930 0.000010 0.000010 0.000010 0.000010 0.000010
0.000010 0.000010 0.859001 0.000010 0.023699 0.117250 0.000010 0.000010
0.000010 0.002887 0.882830 0.000010 0.009995 0.104248 0.000010 0.000010
0.000010 0.000010 0.963627 0.000010 0.000010 0.036313 0.000010 0.000010
0.000010 0.000010 0.957120 0.012983 0.000010 0.029847 0.000010 0.000010
0.000010 0.000010 0.000010 0.000010 0.000010 0.999930 0.000010 0.000010
0.000010 0.000010 0.000010 0.000010 0.999930 0.000010 0.000010 0.000010
0.000010 0.000010 0.000010 0.000010 0.999930 0.000010 0.000010 0.000010
0.000010 0.000010 0.000010 0.000010 0.999930 0.000010 0.000010 0.000010
0.000010 0.000010 0.000010 0.000010 0.999930 0.000010 0.000010 0.000010
0.000010 0.000010 0.000010 0.000010 0.999930 0.000010 0.000010 0.000010
0.000010 0.000010 0.000010 0.000010 0.000010 0.999930 0.000010 0.000010
0.000010 0.000010 0.000010 0.000010 0.000010 0.999930 0.000010 0.000010
0.000010 0.000010 0.000010 0.000010 0.000010 0.999930 0.000010 0.000010
0.000010 0.000010 0.000010 0.000010 0.000010 0.999930 0.000010 0.000010
0.000013 0.000010 0.000010 0.000010 0.000010 0.999927 0.000010 0.000010
0.000010 0.000010 0.000010 0.000010 0.000010 0.999930 0.000010 0.000010
0.000010 0.000010 0.000010 0.000010 0.000010 0.999930 0.000010 0.000010
0.699640 0.000010 0.000010 0.028206 0.000010 0.000010 0.087873 0.184241
0.000010 0.000010 0.000010 0.000010 0.000010 0.999930 0.000010 0.000010
0.000010 0.000010 0.000010 0.000010 0.000010 0.999930 0.000010 0.000010
0.000010 0.000010 0.000010 0.000010 0.000013 0.999927 0.000010 0.000010
0.000010 0.000010 0.000010 0.000010 0.000010 0.999930 0.000010 0.000010
0.000010 0.000010 0.000010 0.000010 0.000010 0.999930 0.000010 0.000010
0.000010 0.000010 0.000010 0.000010 0.000010 0.999930 0.000010 0.000010
0.000010 0.000010 0.330658 0.000010 0.669282 0.000010 0.000010 0.000010
0.000010 0.011232 0.333578 0.002801 0.651580 0.000010 0.000779 0.000010
0.000010 0.000010 0.000010 0.000010 0.000010 0.999930 0.000010 0.000010
0.000010 0.000010 0.000010 0.000010 0.000010 0.999930 0.000010 0.000010
0.000010 0.000010 0.000010 0.000010 0.000010 0.999930 0.000010 0.000010
0.000010 0.000010 0.868993 0.000010 0.000010 0.130947 0.000010 0.000010
0.000010 0.000010 0.000010 0.000010 0.000010 0.999930 0.000010 0.000010
0.000010 0.000010 0.000010 0.000010 0.000010 0.999930 0.000010 0.000010
0.000010 0.000010 0.000010 0.000010 0.000010 0.999930 0.000010 0.000010
0.000012 0.000010 0.000010 0.000010 0.000010 0.999928 0.000010 0.000010
0.000010 0.000010 0.000010 0.000010 0.000010 0.999930 0.000010 0.000010
0.000010 0.000010 0.000010 0.000010 0.000010 0.999930 0.000010 0.000010
0.000010 0.000010 0.000010 0.000010 0.000010 0.999930 0.000010 0.000010
0.000010 0.000010 0.000010 0.000010 0.000010 0.999930 0.000010 0.000010
0.724036 0.000010 0.000010 0.000010 0.000010 0.000010 0.111744 0.164171
0.000010 0.000010 0.918415 0.000010 0.000010 0.081525 0.000010 0.000010
0.000010 0.000010 0.718347 0.000010 0.000010 0.281593 0.000010 0.000010
0.000010 0.000010 0.976606 0.000010 0.000010 0.023334 0.000010 0.000010
0.001567 0.000010 0.881278 0.000010 0.000010 0.117104 0.000010 0.000010
0.000010 0.000010 0.974949 0.000010 0.000010 0.024991 0.000010 0.000010
0.000010 0.000010 0.933688 0.000010 0.000010 0.066252 0.000010 0.000010
0.000010 0.003397 0.933826 0.000010 0.000010 0.060157 0.002580 0.000010
0.000010 0.000010 0.893126 0.000010 0.000010 0.106814 0.000010 0.000010
0.000010 0.000010 0.966185 0.000010 0.000010 0.033755 0.000010 0.000010
0.000010 0.000010 0.694870 0.000010 0.000010 0.305070 0.000010 0.000010
0.000010 0.000010 0.000010 0.000010 0.000010 0.999930 0.000010 0.000010
0.000010 0.000010 0.910070 0.000010 0.000010 0.089870 0.000010 0.000010
0.000010 0.000010 0.963567 0.000010 0.000010 0.026877 0.009505 0.000010
0.000010 0.000010 0.892349 0.000010 0.000010 0.107591 0.000010 0.000010
0.000010 0.000010 0.914557 0.020419 0.001090 0.063894 0.000010 0.000010
0.000010 0.000010 0.996352 0.000010 0.000010 0.003588 0.000010 0.000010
0.000010 0.000010 0.977431 0.000010 0.022509 0.000010 0.000010 0.000010
0.000010 0.000010 0.912350 0.000010 0.038695 0.029905 0.019010 0.000010
0.000010 0.000010 0.881579 0.000010 0.043168 0.075203 0.000010 0.000010
0.000010 0.000010 0.925304 0.025537 0.033036 0.016083 0.000010 0.000010
0.000010 0.000010 0.982010 0.000010 0.000010 0.017930 0.000010 0.000010
0.000010 0.000010 0.682945 0.000010 0.011072 0.305933 0.000010 0.000010
0.000010 0.000010 0.905273 0.000010 0.030202 0.064475 0.000010 0.000010
0.000010 0.000010 0.886322 0.000010 0.025856 0.087382 0.000010 0.000399
0.000010 0.000010 0.000010 0.000010 0.000010 0.999930 0.000010 0.000010
0.000010 0.000010 0.803931 0.000010 0.000010 0.196009 0.000010 0.000010
0.000010 0.000010 0.614458 0.000010 0.000010 0.385482 0.000010 0.000010
0.000010 0.000010 0.844739 0.000010 0.043055 0.112157 0.000010 0.000010
0.000010 0.000010 0.999930 0.000010 0.000010 0.000010 0.000010 0.000010
0.000010 0.000010 0.896841 0.013900 0.023613 0.065606 0.000010 0.000010
0.000010 0.000010 0.985563 0.000010 0.014377 0.000010 0.000010 0.000010
0.000010 0.000010 0.933053 0.000010 0.028856 0.031178 0.006873 0.000010
0.000010 0.000010 0.966058 0.008058 0.013217 0.012627 0.000010 0.000010
0.000010 0.000010 0.964933 0.011501 0.005020 0.018506 0.000010 0.000010
0.000010 0.000010 0.927546 0.010158 0.017547 0.044709 0.000010 0.000010
0.000010 0.000010 0.894504 0.000010 0.000010 0.104233 0.000010 0.001213
0.000010 0.000010 0.000010 0.000010 0.000010 0.000010 0.000010 0.999930
0.000010 0.000010 0.000010 0.999929 0.000011 0.000010 0.000010 0.000010
0.000010 0.000010 0.000010 0.000010 0.000010 0.000010 0.000010 0.999930
0.000010 0.000010 0.000010 0.999930 0.000010 0.000010 0.000010 0.000010
0.735022 0.000010 0.000010 0.000010 0.000010 0.000010 0.049050 0.215878
0.000010 0.000010 0.000010 0.000010 0.000010 0.000010 0.000010 0.999930
0.000010 0.000010 0.000010 0.000010 0.000010 0.000010 0.000010 0.999930
0.000010 0.000010 0.000010 0.000010 0.000010 0.000010 0.000010 0.999930
0.000010 0.000010 0.000010 0.000010 0.000010 0.000010 0.000010 0.999930
0.000010 0.000010 0.000010 0.000010 0.000010 0.000010 0.000010 0.999930
0.757205 0.194475 0.000010 0.000010 0.000010 0.000010 0.000010 0.048269
0.000010 0.000010 0.006862 0.000010 0.993078 0.000010 0.000010 0.000010
0.719968 0.000010 0.000010 0.000010 0.000010 0.000010 0.065790 0.214192
0.000010 0.000010 0.022800 0.000010 0.977140 0.000010 0.000010 0.000010
0.000010 0.000010 0.918787 0.000010 0.081153 0.000010 0.000010 0.000010
0.000010 0.000010 0.874910 0.000010 0.071824 0.053216 0.000010 0.000010
0.000010 0.000010 0.903686 0.000010 0.054204 0.042060 0.000010 0.000010
0.000010 0.000010 0.000010 0.000010 0.999930 0.000010 0.000010 0.000010
0.000010 0.000010 0.000010 0.000010 0.999930 0.000010 0.000010 0.000010
0.000010 0.000010 0.000010 0.000010 0.999930 0.000010 0.000010 0.000010
0.000010 0.000010 0.000010 0.000010 0.999930 0.000010 0.000010 0.000010
0.000010 0.000010 0.000010 0.000010 0.999930 0.000010 0.000010 0.000010
0.000010 0.000010 0.000010 0.000010 0.999930 0.000010 0.000010 0.000010
0.000010 0.000010 0.000010 0.000010 0.999930 0.000010 0.000010 0.000010
0.000010 0.000010 0.000010 0.000010 0.999930 0.000010 0.000010 0.000010
0.000010 0.000010 0.000010 0.000010 0.999930 0.000010 0.000010 0.000010
0.000010 0.000010 0.000010 0.000010 0.999930 0.000010 0.000010 0.000010
0.000010 0.000010 0.000010 0.000010 0.999930 0.000010 0.000010 0.000010
0.000010 0.000010 0.000010 0.000010 0.999930 0.000010 0.000010 0.000010
0.000010 0.000012 0.000010 0.000010 0.999928 0.000010 0.000010 0.000010
0.000010 0.000010 0.000010 0.000010 0.999930 0.000010 0.000010 0.000010
0.766253 0.000010 0.000010 0.000010 0.000010 0.000010 0.084029 0.149667
0.722777 0.000010 0.000010 0.000010 0.000010 0.000010 0.051229 0.225944
0.736526 0.000010 0.000010 0.000010 0.000010 0.000010 0.078513 0.184911
0.640462 0.000010 0.000010 0.000010 0.000010 0.000010 0.099540 0.259949
0.131336 0.000010 0.000010 0.000010 0.000010 0.000010 0.079554 0.789060
0.850832 0.000010 0.000010 0.006604 0.000010 0.000010 0.011214 0.131310
0.863368 0.000010 0.000010 0.000374 0.000010 0.000010 0.000010 0.136208
0.910174 0.000010 0.000010 0.000010 0.000010 0.000010 0.050348 0.039428
0.705640 0.218732 0.000010 0.069389 0.000010 0.000010 0.002837 0.003372
0.767532 0.190952 0.000010 0.038430 0.000010 0.000010 0.003047 0.000010
0.719619 0.221648 0.000010 0.022756 0.000010 0.035937 0.000010 0.000010
0.630748 0.331969 0.000010 0.000010 0.000010 0.000010 0.008125 0.029117
0.989328 0.000010 0.000010 0.000010 0.000010 0.000010 0.010612 0.000010
0.000010 0.000010 0.000010 0.000010 0.000010 0.000010 0.154058 0.845882
0.000010 0.000010 0.000010 0.000010 0.000010 0.000010 0.101555 0.898385
0.011086 0.000010 0.000010 0.000010 0.000010 0.000010 0.086845 0.902019
0.000010 0.000010 0.000010 0.000010 0.000010 0.000010 0.050134 0.949806
0.000010 0.000010 0.000010 0.000010 0.000010 0.000010 0.000010 0.999930
0.000010 0.000010 0.000010 0.000010 0.000010 0.000010 0.000010 0.999930
0.000010 0.000010 0.000010 0.000010 0.000010 0.000010 0.091712 0.908228
0.000010 0.000010 0.000010 0.000010 0.000010 0.000010 0.000010 0.999930
0.000010 0.000010 0.000010 0.000010 0.000010 0.000010 0.090548 0.909392
0.000010 0.000010 0.000010 0.000010 0.000010 0.000010 0.067608 0.932332
0.000010 0.000010 0.000010 0.000010 0.000010 0.000010 0.110142 0.889798
0.000010 0.000010 0.000010 0.000010 0.000010 0.000010 0.101488 0.898452
0.389120 0.583270 0.000010 0.000010 0.000010 0.027560 0.000010 0.000010
0.334546 0.665394 0.000010 0.000010 0.000010 0.000010 0.000010 0.000010
0.346557 0.613409 0.000010 0.017294 0.000010 0.017610 0.000010 0.005099
0.412584 0.538867 0.000010 0.000010 0.000010 0.048499 0.000010 0.000010
0.000010 0.000010 0.000010 0.000010 0.000010 0.000010 0.064315 0.935625
0.739406 0.159964 0.000010 0.064096 0.000010 0.000010 0.036495 0.000010
0.398320 0.502481 0.000010 0.036805 0.000010 0.046756 0.015609 0.000010
0.332636 0.624528 0.000010 0.037769 0.000010 0.000010 0.003545 0.001492
0.468317 0.521472 0.000010 0.000010 0.000010 0.000010 0.000010 0.010161
0.000010 0.000010 0.000010 0.000010 0.000010 0.000010 0.113437 0.886503
0.000010 0.000010 0.000010 0.000010 0.000010 0.000010 0.053044 0.946896
0.719226 0.247342 0.000010 0.000010 0.000010 0.000010 0.028620 0.004772
0.735919 0.226684 0.000010 0.005748 0.000010 0.000010 0.000010 0.031609
0.000010 0.000010 0.000010 0.000010 0.000010 0.000010 0.072864 0.927076
0.408950 0.573317 0.000010 0.000010 0.000010 0.000010 0.000010 0.017683
0.484878 0.416064 0.000010 0.066242 0.000010 0.032777 0.000010 0.000010
0.738316 0.214328 0.000010 0.017134 0.000010 0.000010 0.017395 0.012797
0.383990 0.598435 0.000010 0.017526 0.000010 0.000010 0.000010 0.000010
0.296260 0.572749 0.107198 0.023753 0.000010 0.000010 0.000010 0.000010
0.783118 0.170413 0.000010 0.033110 0.000010 0.000010 0.013319 0.000010
0.813682 0.171065 0.000010 0.000010 0.000010 0.000010 0.015204 0.000010
0.439117 0.560823 0.000010 0.000010 0.000010 0.000010 0.000010 0.000010
0.285305 0.675158 0.000010 0.039486 0.000010 0.000010 0.000010 0.000010
0.409238 0.524623 0.000010 0.000010 0.000010 0.044068 0.022031 0.000010
0.414457 0.475135 0.000010 0.066046 0.000010 0.044323 0.000010 0.000010
0.411343 0.546687 0.000010 0.010670 0.000010 0.005530 0.004387 0.021363
0.466803 0.393476 0.087929 0.023650 0.000010 0.028111 0.000010 0.000010
0.655265 0.237088 0.000010 0.022132 0.000010 0.048643 0.004566 0.032285
0.697723 0.234271 0.000010 0.029181 0.000010 0.000010 0.007996 0.030799
0.758396 0.224860 0.000010 0.000010 0.000010 0.000010 0.016694 0.000010
0.234529 0.725109 0.000010 0.027157 0.000010 0.000010 0.013165 0.000010
0.000010 0.902561 0.000010 0.067644 0.000010 0.000010 0.010280 0.019475
0.775786 0.168731 0.000010 0.016812 0.000010 0.000010 0.038630 0.000010
0.727247 0.265703 0.000010 0.000010 0.000010 0.000816 0.006194 0.000010
0.650727 0.346987 0.000010 0.002236 0.000010 0.000010 0.000010 0.000010
0.777940 0.222000 0.000010 0.000010 0.000010 0.000010 0.000010 0.000010
0.750723 0.249217 0.000010 0.000010 0.000010 0.000010 0.000010 0.000010
0.000010 0.000010 0.000010 0.000010 0.000011 0.000010 0.000010 0.999929
0.000010 0.000010 0.000010 0.000010 0.000010 0.000010 0.000010 0.999930
0.000010 0.000010 0.000010 0.000010 0.000010 0.000010 0.000010 0.999930
0.000010 0.000010 0.000011 0.000010 0.000010 0.000010 0.000010 0.999929
0.000010 0.000010 0.000010 0.000010 0.000010 0.000010 0.000010 0.999930
0.000010 0.000010 0.000010 0.000010 0.000010 0.000010 0.000010 0.999930
0.000010 0.000010 0.000016 0.000010 0.000010 0.000010 0.000010 0.999924
0.000010 0.000010 0.000010 0.000010 0.000010 0.000010 0.000010 0.999930
0.000010 0.000010 0.000010 0.000010 0.000010 0.000010 0.000010 0.999930
0.715036 0.274654 0.000010 0.000010 0.000010 0.000010 0.000010 0.010260
0.726905 0.249309 0.000010 0.000010 0.000010 0.000010 0.023736 0.000010
0.788751 0.173810 0.000010 0.025528 0.000010 0.000010 0.002848 0.009032
0.795537 0.202115 0.000010 0.000010 0.000010 0.000010 0.002298 0.000010
0.702628 0.263628 0.000010 0.033694 0.000010 0.000010 0.000010 0.000010
0.834911 0.165022 0.000010 0.000010 0.000010 0.000010 0.000017 0.000010
0.718747 0.248544 0.000010 0.000010 0.000010 0.000010 0.000010 0.032659
0.732353 0.183114 0.000010 0.038257 0.000010 0.010956 0.035290 0.000010
0.791876 0.187264 0.000010 0.000010 0.000010 0.000010 0.000010 0.020810
0.739267 0.217317 0.000010 0.019632 0.000010 0.000010 0.016766 0.006988
0.000010 0.999930 0.000010 0.000010 0.000010 0.000010 0.000010 0.000010
0.679454 0.254254 0.000010 0.025596 0.000010 0.000010 0.038484 0.002183
0.741120 0.176652 0.000010 0.043561 0.000010 0.000010 0.000010 0.038627
0.000010 0.999930 0.000010 0.000010 0.000010 0.000010 0.000010 0.000010
0.398992 0.558493 0.032696 0.009204 0.000010 0.000010 0.000010 0.000586
0.000010 0.000010 0.000010 0.000010 0.000010 0.000010 0.120365 0.879575
0.000010 0.000010 0.000010 0.000010 0.000010 0.000010 0.116529 0.883411
0.000010 0.000010 0.000010 0.000010 0.000010 0.000010 0.066933 0.933007
0.000010 0.000010 0.000010 0.000010 0.000010 0.000010 0.090155 0.909785
0.000010 0.000013 0.000013 0.010817 0.000010 0.000010 0.086154 0.902973
0.000010 0.000010 0.000010 0.005925 0.000010 0.000010 0.082517 0.911508
0.000010 0.000010 0.000010 0.000010 0.000010 0.000010 0.095800 0.904140
0.000010 0.000010 0.000010 0.000010 0.000010 0.000010 0.092413 0.907527
0.000010 0.000010 0.768500 0.000010 0.000010 0.231440 0.000010 0.000010
0.000010 0.000010 0.825853 0.049591 0.000010 0.108530 0.000010 0.015986
0.000010 0.000010 0.921353 0.000814 0.000010 0.077783 0.000010 0.000010
0.000010 0.000010 0.853496 0.019724 0.048247 0.078494 0.000010 0.000010
0.683492 0.231506 0.000010 0.035017 0.000010 0.000010 0.011562 0.038392
0.231139 0.704326 0.000010 0.043552 0.000010 0.000010 0.000010 0.020942
0.000010 0.000010 0.835093 0.000010 0.000010 0.164847 0.000010 0.000010
0.000010 0.000010 0.790860 0.000010 0.000010 0.209077 0.000013 0.000010
0.000010 0.000010 0.742961 0.028534 0.000010 0.228455 0.000010 0.000010
0.000010 0.000010 0.759546 0.008794 0.000010 0.231610 0.000010 0.000010
0.000010 0.000010 0.778991 0.000010 0.000010 0.220949 0.000010 0.000010
0.000010 0.000010 0.780411 0.000010 0.000010 0.219507 0.000032 0.000010
0.000010 0.000010 0.000010 0.000010 0.000010 0.000010 0.105917 0.894023
0.000010 0.029080 0.714110 0.003264 0.004022 0.249493 0.000010 0.000010
0.000010 0.000010 0.696750 0.000010 0.011567 0.291633 0.000010 0.000010
0.000010 0.000010 0.000010 0.000010 0.999930 0.000010 0.000010 0.000010
0.000010 0.000010 0.000010 0.000010 0.999930 0.000010 0.000010 0.000010
0.000010 0.000010 0.000010 0.000010 0.999930 0.000010 0.000010 0.000010
0.000010 0.000010 0.000010 0.000010 0.999930 0.000010 0.000010 0.000010
0.000010 0.000010 0.000010 0.000010 0.999930 0.000010 0.000010 0.000010
0.208745 0.753506 0.000010 0.000010 0.000010 0.000010 0.037699 0.000010
0.245515 0.668759 0.011574 0.045266 0.000010 0.000010 0.000010 0.028856
0.332279 0.649369 0.000010 0.000010 0.000010 0.000010 0.000010 0.018302
0.795208 0.193688 0.000010 0.004875 0.000010 0.000010 0.001801 0.004397
0.259148 0.740792 0.000010 0.000010 0.000010 0.000010 0.000010 0.000010
0.800451 0.150759 0.000010 0.000010 0.000010 0.000010 0.000010 0.048740
0.000010 0.000010 0.000010 0.000010 0.000010 0.000010 0.999930 0.000010
0.000010 0.000010 0.000010 0.000010 0.000010 0.000010 0.999930 0.000010
0.000010 0.000010 0.000010 0.000010 0.000010 0.000010 0.999930 0.000010
0.000010 0.000010 0.000010 0.000010 0.000010 0.000010 0.999930 0.000010
0.000010 0.000010 0.000010 0.000010 0.000010 0.000010 0.999930 0.000010
0.000010 0.000010 0.107427 0.000013 0.892509 0.000010 0.000010 0.000010
0.000010 0.000010 0.000010 0.000010 0.000010 0.000010 0.063060 0.936880
0.000010 0.000010 0.114109 0.000010 0.885831 0.000010 0.000010 0.000010
0.000010 0.000010 0.102641 0.000010 0.897299 0.000010 0.000010 0.000010
0.000010 0.000010 0.249952 0.000010 0.749988 0.000010 0.000010 0.000010
0.000010 0.000011 0.203677 0.000010 0.796263 0.000010 0.000010 0.000010
0.026574 0.000010 0.231038 0.000010 0.739520 0.000010 0.000010 0.002828
0.000010 0.000010 0.231798 0.000010 0.768142 0.000010 0.000010 0.000010
0.000010 0.000010 0.212680 0.000010 0.787260 0.000010 0.000010 0.000010
0.000010 0.000010 0.264941 0.000010 0.734999 0.000010 0.000010 0.000010
0.000010 0.000010 0.165954 0.000010 0.833986 0.000010 0.000010 0.000010
0.000010 0.000010 0.191358 0.000010 0.808582 0.000010 0.000010 0.000010
0.000010 0.000010 0.096569 0.000010 0.903371 0.000010 0.000010 0.000010
0.000010 0.000010 0.175573 0.006379 0.817998 0.000010 0.000010 0.000010
0.000010 0.000010 0.321848 0.000010 0.678092 0.000010 0.000010 0.000010
0.000010 0.000010 0.189596 0.000010 0.810344 0.000010 0.000010 0.000010
0.000010 0.000010 0.947421 0.000010 0.000010 0.052519 0.000010 0.000010
0.000010 0.000010 0.997273 0.000010 0.002667 0.000010 0.000010 0.000010
0.000010 0.027527 0.926722 0.000010 0.014611 0.025215 0.005894 0.000010
0.000010 0.000010 0.000010 0.000010 0.000010 0.000010 0.091635 0.908305
0.000010 0.000010 0.964736 0.000010 0.025209 0.000010 0.010005 0.000010
0.000010 0.028382 0.918369 0.014815 0.015008 0.013092 0.010313 0.000010
0.000010 0.000010 0.873593 0.021270 0.007194 0.097904 0.000010 0.000010
0.035555 0.000010 0.912591 0.000010 0.018768 0.028786 0.000010 0.004270
0.000010 0.000010 0.993898 0.000010 0.006042 0.000010 0.000010 0.000010
0.023037 0.039640 0.863346 0.000010 0.005673 0.068274 0.000010 0.000010
0.000010 0.000010 0.892546 0.000010 0.021187 0.086218 0.000010 0.000010
0.000010 0.010682 0.962967 0.000010 0.004963 0.021347 0.000010 0.000010
0.000010 0.000010 0.938669 0.000010 0.011703 0.049578 0.000010 0.000010
0.000010 0.000010 0.963182 0.000010 0.003806 0.032962 0.000010 0.000010
0.012652 0.000010 0.942867 0.000010 0.000010 0.044431 0.000010 0.000010
0.000010 0.000010 0.866928 0.000010 0.026653 0.069580 0.000010 0.036798
0.000010 0.000010 0.918689 0.000010 0.014078 0.067183 0.000010 0.000010
0.000010 0.030315 0.844480 0.000010 0.018251 0.106914 0.000010 0.000010
0.006114 0.045688 0.862675 0.011985 0.021150 0.052369 0.000010 0.000010
0.000010 0.000010 0.955552 0.000010 0.000010 0.044388 0.000010 0.000010
