0.000010 0.004842 0.000010 0.072800 0.049263 0.000010 0.816307 0.000010 0.000010 0.056728 0.000010
0.000010 0.048813 0.000010 0.027113 0.000010 0.000010 0.923994 0.000010 0.000010 0.000010 0.000010
0.000010 0.999900 0.000010 0.000010 0.000010 0.000010 0.000010 0.000010 0.000010 0.000010 0.000010
0.000010 0.017717 0.000010 0.000010 0.000010 0.000010 0.299975 0.000010 0.000010 0.682228 0.000010
0.000010 0.000010 0.000010 0.000010 0.000010 0.000010 0.236685 0.000010 0.000010 0.763225 0.000010
0.000010 0.037748 0.000010 0.065579 0.000010 0.000010 0.000010 0.000010 0.000010 0.896594 0.000010
0.000010 0.000010 0.000010 0.000010 0.000010 0.000010 0.232731 0.000010 0.000010 0.767179 0.000010
0.000010 0.000010 0.000010 0.000010 0.000010 0.000010 0.000010 0.000010 0.000010 0.999900 0.000010
0.000010 0.000010 0.000010 0.000010 0.000010 0.000010 0.248234 0.000010 0.000010 0.751676 0.000010
0.000010 0.000010 0.000010 0.000010 0.000010 0.000010 0.000010 0.000010 0.000010 0.999900 0.000010
0.000010 0.004337 0.000010 0.000010 0.001867 0.000010 0.258891 0.000010 0.000010 0.734834 0.000010
0.000010 0.000010 0.000010 0.000010 0.008981 0.000010 0.336509 0.000010 0.000010 0.654430 0.000010
0.000010 0.000010 0.000010 0.000010 0.000010 0.000010 0.305217 0.000010 0.000010 0.694693 0.000010
0.000010 0.000010 0.000010 0.000010 0.000010 0.000010 0.000010 0.000010 0.000010 0.999900 0.000010
0.000016 0.999894 0.000010 0.000010 0.000010 0.000010 0.000010 0.000010 0.000010 0.000010 0.000010
0.000010 0.999900 0.000010 0.000010 0.000010 0.000010 0.000010 0.000010 0.000010 0.000010 0.000010
0.000016 0.999894 0.000010 0.000010 0.000010 0.000010 0.000010 0.000010 0.000010 0.000010 0.000010
0.000010 0.999900 0.000010 0.000010 0.000010 0.000010 0.000010 0.000010 0.000010 0.000010 0.000010
0.000010 0.999900 0.000010 0.000010 0.000010 0.000010 0.000010 0.000010 0.000010 0.000010 0.000010
0.000010 0.999900 0.000010 0.000010 0.000010 0.000010 0.000010 0.000010 0.000010 0.000010 0.000010
0.000010 0.009831 0.000010 0.188243 0.041138 0.000010 0.760718 0.000010 0.000010 0.000010 0.000010
0.000010 0.018486 0.000010 0.180423 0.000010 0.000010 0.801011 0.000010 0.000010 0.000010 0.000010
0.000010 0.000010 0.000010 0.999900 0.000010 0.000010 0.000010 0.000010 0.000010 0.000010 0.000010
0.000010 0.066355 0.000010 0.746699 0.000010 0.000010 0.186866 0.000010 0.000010 0.000010 0.000010
0.000010 0.000010 0.000010 0.724078 0.083866 0.000010 0.191976 0.000010 0.000010 0.000010 0.000010
0.000010 0.075160 0.000010 0.077777 0.846983 0.000010 0.000010 0.000010 0.000010 0.000010 0.000010
0.000010 0.000010 0.000010 0.644298 0.068225 0.000010 0.287398 0.000010 0.000010 0.000010 0.000010
0.000010 0.000010 0.443954 0.000010 0.010070 0.000010 0.000010 0.000010 0.282457 0.000010 0.263449
0.000010 0.999897 0.000010 0.000010 0.000010 0.000013 0.000010 0.000010 0.000010 0.000010 0.000010
0.000010 0.000010 0.000010 0.210589 0.101260 0.000010 0.688070 0.000010 0.000010 0.000010 0.000010
0.000010 0.106865 0.000010 0.000010 0.893045 0.000010 0.000010 0.000010 0.000010 0.000010 0.000010
0.000010 0.999900 0.000010 0.000010 0.000010 0.000010 0.000010 0.000010 0.000010 0.000010 0.000010
0.999896 0.000010 0.000010 0.000010 0.000010 0.000010 0.000011 0.000010 0.000013 0.000010 0.000010
0.999900 0.000010 0.000010 0.000010 0.000010 0.000010 0.000010 0.000010 0.000010 0.000010 0.000010
0.999898 0.000010 0.000010 0.000010 0.000012 0.000010 0.000010 0.000010 0.000010 0.000010 0.000010
0.999900 0.000010 0.000010 0.000010 0.000010 0.000010 0.000010 0.000010 0.000010 0.000010 0.000010
0.999900 0.000010 0.000010 0.000010 0.000010 0.000010 0.000010 0.000010 0.000010 0.000010 0.000010
0.999900 0.000010 0.000010 0.000010 0.000010 0.000010 0.000010 0.000010 0.000010 0.000010 0.000010
0.999899 0.000010 0.000010 0.000010 0.000010 0.000010 0.000011 0.000010 0.000010 0.000010 0.000010
0.999900 0.000010 0.000010 0.000010 0.000010 0.000010 0.000010 0.000010 0.000010 0.000010 0.000010
0.999892 0.000012 0.000010 0.000010 0.000017 0.000010 0.000010 0.000010 0.000010 0.000010 0.000010
0.999897 0.000010 0.000010 0.000013 0.000010 0.000010 0.000010 0.000010 0.000010 0.000010 0.000010
0.999900 0.000010 0.000010 0.000010 0.000010 0.000010 0.000010 0.000010 0.000010 0.000010 0.000010
0.000010 0.045462 0.000010 0.924943 0.029516 0.000010 0.000010 0.000010 0.000010 0.000010 0.000010
0.000010 0.000010 0.000010 0.999900 0.000010 0.000010 0.000010 0.000010 0.000010 0.000010 0.000010
0.000010 0.051439 0.000010 0.000010 0.948471 0.000010 0.000010 0.000010 0.000010 0.000010 0.000010
0.000012 0.999898 0.000010 0.000010 0.000010 0.000010 0.000010 0.000010 0.000010 0.000010 0.000010
0.000010 0.999899 0.000010 0.000010 0.000010 0.000010 0.000010 0.000010 0.000011 0.000010 0.000010
0.000016 0.999894 0.000010 0.000010 0.000010 0.000010 0.000010 0.000010 0.000010 0.000010 0.000010
0.000010 0.999898 0.000012 0.000010 0.000010 0.000010 0.000010 0.000010 0.000010 0.000010 0.000010
0.000010 0.999897 0.000010 0.000010 0.000010 0.000010 0.000010 0.000013 0.000010 0.000010 0.000010
0.000010 0.000010 0.000010 0.889823 0.110087 0.000010 0.000010 0.000010 0.000010 0.000010 0.000010
0.000010 0.034717 0.000010 0.862762 0.102441 0.000010 0.000010 0.000010 0.000010 0.000010 0.000010
0.000010 0.999900 0.000010 0.000010 0.000010 0.000010 0.000010 0.000010 0.000010 0.000010 0.000010
0.000010 0.999900 0.000010 0.000010 0.000010 0.000010 0.000010 0.000010 0.000010 0.000010 0.000010
0.000011 0.999896 0.000010 0.000010 0.000010 0.000010 0.000010 0.000013 0.000010 0.000010 0.000010
0.000010 0.108314 0.000010 0.168039 0.723567 0.000010 0.000010 0.000010 0.000010 0.000010 0.000010
0.000011 0.999899 0.000010 0.000010 0.000010 0.000010 0.000010 0.000010 0.000010 0.000010 0.000010
0.000010 0.999900 0.000010 0.000010 0.000010 0.000010 0.000010 0.000010 0.000010 0.000010 0.000010
0.000010 0.986875 0.000010 0.000010 0.013032 0.000013 0.000010 0.000010 0.000010 0.000010 0.000010
0.000010 0.999900 0.000010 0.000010 0.000010 0.000010 0.000010 0.000010 0.000010 0.000010 0.000010
0.000010 0.969691 0.000010 0.000010 0.030219 0.000010 0.000010 0.000010 0.000010 0.000010 0.000010
0.000010 0.999900 0.000010 0.000010 0.000010 0.000010 0.000010 0.000010 0.000010 0.000010 0.000010
0.000010 0.000010 0.562904 0.000010 0.000010 0.000010 0.000010 0.097721 0.285582 0.000010 0.053724
0.000010 0.000010 0.757259 0.006450 0.000010 0.000010 0.000010 0.087573 0.139484 0.000010 0.009174
0.000010 0.000010 0.968070 0.000010 0.016455 0.000010 0.000010 0.015395 0.000010 0.000010 0.000010
0.000010 0.000010 0.726750 0.000010 0.000010 0.000010 0.000010 0.084490 0.096749 0.000010 0.091942
0.004321 0.000010 0.805437 0.000010 0.000010 0.000010 0.000010 0.063434 0.126737 0.000010 0.000010
0.000010 0.000010 0.860218 0.000010 0.000010 0.017587 0.000010 0.032415 0.083848 0.000010 0.005872
0.021325 0.000010 0.747286 0.000010 0.000010 0.003208 0.000010 0.036967 0.090062 0.000010 0.101102
0.000010 0.999898 0.000010 0.000012 0.000010 0.000010 0.000010 0.000010 0.000010 0.000010 0.000010
0.000010 0.999900 0.000010 0.000010 0.000010 0.000010 0.000010 0.000010 0.000010 0.000010 0.000010
0.000010 0.090137 0.000010 0.214087 0.695696 0.000010 0.000010 0.000010 0.000010 0.000010 0.000010
0.000010 0.999900 0.000010 0.000010 0.000010 0.000010 0.000010 0.000010 0.000010 0.000010 0.000010
0.000010 0.999899 0.000010 0.000010 0.000010 0.000010 0.000011 0.000010 0.000010 0.000010 0.000010
0.000010 0.999900 0.000010 0.000010 0.000010 0.000010 0.000010 0.000010 0.000010 0.000010 0.000010
0.000010 0.011301 0.104628 0.000010 0.009817 0.000010 0.556895 0.000280 0.058024 0.242978 0.016048
0.000010 0.000010 0.000010 0.000010 0.039891 0.000010 0.672644 0.000010 0.047415 0.239980 0.000010
0.000010 0.000010 0.000010 0.000010 0.000010 0.000010 0.517085 0.000010 0.000010 0.482825 0.000010
0.000010 0.000010 0.000010 0.000010 0.015819 0.000010 0.623672 0.000010 0.000010 0.360429 0.000010
0.000010 0.000010 0.028872 0.000010 0.000010 0.000010 0.630437 0.000010 0.032926 0.251383 0.056322
0.000010 0.000010 0.135605 0.134512 0.000010 0.000011 0.468624 0.000010 0.000010 0.261187 0.000010
0.000010 0.000010 0.000010 0.000010 0.000010 0.000010 0.451953 0.000010 0.000010 0.547957 0.000010
0.000010 0.017966 0.000010 0.310690 0.030727 0.000010 0.640547 0.000010 0.000010 0.000010 0.000010
0.000010 0.064709 0.000010 0.330285 0.013157 0.000010 0.591779 0.000010 0.000010 0.000010 0.000010
0.000010 0.000010 0.000010 0.315138 0.120029 0.000010 0.564752 0.000011 0.000010 0.000010 0.000010
0.000010 0.024741 0.000010 0.258638 0.078987 0.000010 0.637564 0.000010 0.000010 0.000010 0.000010
0.000010 0.022264 0.000010 0.376066 0.076388 0.000010 0.525211 0.000010 0.000010 0.000010 0.000010
0.000010 0.040916 0.000010 0.268814 0.073818 0.000010 0.616382 0.000010 0.000010 0.000010 0.000010
0.000010 0.059748 0.000010 0.264863 0.050489 0.000010 0.624831 0.000010 0.000010 0.000010 0.000010
0.000010 0.022902 0.000010 0.319345 0.097508 0.000010 0.560175 0.000010 0.000010 0.000010 0.000010
0.000010 0.000010 0.978036 0.000010 0.000010 0.004661 0.000010 0.002921 0.000010 0.000010 0.014312
0.000010 0.003247 0.734548 0.000010 0.023889 0.000010 0.000010 0.036623 0.121253 0.000010 0.080390
0.000010 0.000010 0.969688 0.000010 0.000010 0.000010 0.000010 0.000010 0.000010 0.000010 0.030222
0.000225 0.000010 0.923311 0.000010 0.000010 0.013823 0.000010 0.000010 0.062570 0.000010 0.000010
0.000010 0.000010 0.964208 0.000010 0.000010 0.000010 0.000010 0.000010 0.000010 0.000010 0.035702
0.000010 0.000010 0.999900 0.000010 0.000010 0.000010 0.000010 0.000010 0.000010 0.000010 0.000010
0.000010 0.000010 0.756987 0.000010 0.000010 0.000010 0.000010 0.000010 0.216486 0.000010 0.026447
0.000010 0.011324 0.000010 0.303733 0.000010 0.000010 0.684863 0.000010 0.000010 0.000010 0.000010
0.000010 0.034877 0.000010 0.072466 0.034548 0.000010 0.858040 0.000010 0.000010 0.000010 0.000010
0.000010 0.003333 0.221003 0.000010 0.042116 0.000010 0.453658 0.002252 0.092319 0.173774 0.011516
0.000010 0.002460 0.313583 0.000010 0.000902 0.000010 0.561401 0.000010 0.000010 0.106899 0.014705
0.000010 0.000010 0.171722 0.029963 0.006489 0.000010 0.538409 0.000010 0.134471 0.118897 0.000010
0.000010 0.008470 0.257558 0.000010 0.000010 0.000010 0.466036 0.000010 0.104846 0.163029 0.000010
0.000010 0.000010 0.226136 0.000010 0.000010 0.000010 0.516371 0.000010 0.064747 0.176107 0.016579
0.000010 0.020089 0.327279 0.000010 0.000010 0.000010 0.517291 0.000010 0.013510 0.121772 0.000010
0.000010 0.015471 0.283957 0.000010 0.000010 0.000010 0.587601 0.000010 0.000010 0.112901 0.000010
0.000010 0.000010 0.233330 0.000010 0.000010 0.000010 0.436124 0.000010 0.033763 0.266514 0.030209
0.000010 0.000010 0.000010 0.271062 0.000010 0.000010 0.522679 0.000010 0.000010 0.206179 0.000010
0.000010 0.000010 0.000010 0.000010 0.056234 0.000010 0.819183 0.000010 0.000010 0.124503 0.000010
0.000010 0.015530 0.000010 0.026518 0.000010 0.000010 0.877832 0.000010 0.000010 0.080050 0.000010
0.000010 0.042835 0.000010 0.863258 0.093827 0.000010 0.000010 0.000010 0.000010 0.000010 0.000010
0.000010 0.065201 0.000010 0.934709 0.000010 0.000010 0.000010 0.000010 0.000010 0.000010 0.000010
0.000010 0.000010 0.000010 0.258082 0.000010 0.000010 0.741828 0.000010 0.000010 0.000010 0.000010
0.000010 0.024119 0.000010 0.211869 0.036040 0.000010 0.727902 0.000010 0.000010 0.000010 0.000010
0.000010 0.000010 0.000010 0.261560 0.003078 0.000010 0.735281 0.000010 0.000010 0.000010 0.000010
0.000010 0.019569 0.258529 0.002436 0.000010 0.000010 0.466088 0.009579 0.000010 0.202332 0.041427
0.000010 0.022578 0.000010 0.144507 0.029615 0.000010 0.803231 0.000010 0.000010 0.000010 0.000010
0.000010 0.023466 0.000010 0.195527 0.025840 0.000010 0.755097 0.000010 0.000010 0.000010 0.000010
0.000010 0.999900 0.000010 0.000010 0.000010 0.000010 0.000010 0.000010 0.000010 0.000010 0.000010
0.000010 0.999900 0.000010 0.000010 0.000010 0.000010 0.000010 0.000010 0.000010 0.000010 0.000010
0.000010 0.999900 0.000010 0.000010 0.000010 0.000010 0.000010 0.000010 0.000010 0.000010 0.000010
0.000010 0.999900 0.000010 0.000010 0.000010 0.000010 0.000010 0.000010 0.000010 0.000010 0.000010
0.000010 0.999900 0.000010 0.000010 0.000010 0.000010 0.000010 0.000010 0.000010 0.000010 0.000010
0.000010 0.999894 0.000010 0.000010 0.000010 0.000013 0.000010 0.000013 0.000010 0.000010 0.000010
0.000010 0.999900 0.000010 0.000010 0.000010 0.000010 0.000010 0.000010 0.000010 0.000010 0.000010
0.000010 0.108497 0.000010 0.000010 0.891413 0.000010 0.000010 0.000010 0.000010 0.000010 0.000010
0.000010 0.999897 0.000013 0.000010 0.000010 0.000010 0.000010 0.000010 0.000010 0.000010 0.000010
0.000010 0.999900 0.000010 0.000010 0.000010 0.000010 0.000010 0.000010 0.000010 0.000010 0.000010
0.000010 0.999900 0.000010 0.000010 0.000010 0.000010 0.000010 0.000010 0.000010 0.000010 0.000010
0.000010 0.112900 0.000010 0.000010 0.887010 0.000010 0.000010 0.000010 0.000010 0.000010 0.000010
0.000010 0.999898 0.000010 0.000010 0.000010 0.000010 0.000012 0.000010 0.000010 0.000010 0.000010
0.000010 0.999897 0.000010 0.000010 0.000010 0.000013 0.000010 0.000010 0.000010 0.000010 0.000010
0.000016 0.999892 0.000011 0.000010 0.000010 0.000010 0.000010 0.000011 0.000010 0.000010 0.000010
0.000010 0.999900 0.000010 0.000010 0.000010 0.000010 0.000010 0.000010 0.000010 0.000010 0.000010
0.000010 0.105662 0.000010 0.054947 0.839311 0.000010 0.000010 0.000010 0.000010 0.000010 0.000010
0.000010 0.106355 0.000010 0.819683 0.073882 0.000010 0.000010 0.000010 0.000010 0.000010 0.000010
0.000010 0.131016 0.000010 0.733167 0.135737 0.000010 0.000010 0.000010 0.000010 0.000010 0.000010
0.000010 0.091512 0.000010 0.767805 0.140603 0.000010 0.000010 0.000010 0.000010 0.000010 0.000010
0.000010 0.058776 0.000010 0.700242 0.240902 0.000010 0.000010 0.000010 0.000010 0.000010 0.000010
0.000010 0.072669 0.000010 0.831647 0.095603 0.000010 0.000010 0.000010 0.000010 0.000010 0.000010
0.000010 0.083346 0.000010 0.782390 0.134184 0.000010 0.000010 0.000010 0.000010 0.000010 0.000010
0.000010 0.040460 0.000010 0.783107 0.176353 0.000010 0.000010 0.000010 0.000010 0.000010 0.000010
0.000010 0.028450 0.000010 0.778303 0.193166 0.000010 0.000010 0.000010 0.000010 0.000010 0.000010
0.000010 0.067092 0.000010 0.791199 0.141629 0.000010 0.000010 0.000010 0.000010 0.000010 0.000010
0.000010 0.017758 0.000010 0.369060 0.034571 0.000010 0.578541 0.000010 0.000010 0.000010 0.000010
0.000010 0.042334 0.000010 0.306906 0.032832 0.000010 0.617857 0.000010 0.000010 0.000010 0.000010
0.000010 0.034994 0.000010 0.305695 0.042591 0.000010 0.616649 0.000010 0.000010 0.000010 0.000010
0.000010 0.055159 0.000010 0.330871 0.054778 0.000010 0.559123 0.000010 0.000010 0.000010 0.000010
0.000012 0.049451 0.000010 0.293790 0.037042 0.000010 0.619645 0.000010 0.000010 0.000010 0.000010
0.000010 0.033093 0.000010 0.278090 0.084682 0.000010 0.604065 0.000010 0.000010 0.000010 0.000010
0.000010 0.038288 0.000010 0.726538 0.235094 0.000010 0.000010 0.000010 0.000010 0.000010 0.000010
0.000010 0.999897 0.000010 0.000010 0.000010 0.000010 0.000010 0.000013 0.000010 0.000010 0.000010
0.000010 0.999900 0.000010 0.000010 0.000010 0.000010 0.000010 0.000010 0.000010 0.000010 0.000010
0.000010 0.093308 0.000010 0.786318 0.120294 0.000010 0.000010 0.000010 0.000010 0.000010 0.000010
0.000010 0.012568 0.000010 0.801520 0.185832 0.000010 0.000010 0.000010 0.000010 0.000010 0.000010
0.000010 0.000010 0.000010 0.000010 0.000010 0.000013 0.000010 0.000010 0.000010 0.999897 0.000010
0.000010 0.000010 0.000010 0.000010 0.000010 0.000010 0.000010 0.000010 0.000010 0.999900 0.000010
0.000010 0.000010 0.000010 0.000010 0.000010 0.000010 0.000010 0.000010 0.000010 0.999900 0.000010
0.000010 0.000010 0.000010 0.000010 0.000010 0.000010 0.000010 0.000010 0.000010 0.999900 0.000010
0.000010 0.008903 0.000010 0.000010 0.000010 0.000010 0.000010 0.000011 0.000010 0.991006 0.000010
0.000010 0.000118 0.000010 0.000010 0.000010 0.000010 0.000010 0.000010 0.000010 0.999792 0.000010
0.000010 0.000010 0.000010 0.000010 0.000010 0.000010 0.000010 0.000010 0.000010 0.999900 0.000010
0.000010 0.000010 0.000010 0.000010 0.001889 0.000010 0.000010 0.000010 0.000010 0.998021 0.000010
0.000010 0.000010 0.000010 0.000010 0.000010 0.000010 0.000010 0.000010 0.000010 0.999900 0.000010
0.000010 0.000010 0.000010 0.000010 0.000010 0.000010 0.000010 0.000010 0.000010 0.999900 0.000010
0.000010 0.000010 0.000010 0.000010 0.000010 0.000010 0.185645 0.000010 0.000010 0.814265 0.000010
0.000010 0.999900 0.000010 0.000010 0.000010 0.000010 0.000010 0.000010 0.000010 0.000010 0.000010
0.000010 0.999900 0.000010 0.000010 0.000010 0.000010 0.000010 0.000010 0.000010 0.000010 0.000010
0.000010 0.999900 0.000010 0.000010 0.000010 0.000010 0.000010 0.000010 0.000010 0.000010 0.000010
0.000010 0.999900 0.000010 0.000010 0.000010 0.000010 0.000010 0.000010 0.000010 0.000010 0.000010
0.000012 0.999897 0.000010 0.000010 0.000010 0.000011 0.000010 0.000010 0.000010 0.000010 0.000010
0.000010 0.999900 0.000010 0.000010 0.000010 0.000010 0.000010 0.000010 0.000010 0.000010 0.000010
0.000011 0.031441 0.000010 0.200448 0.000175 0.000010 0.767864 0.000010 0.000010 0.000010 0.000010
0.000010 0.013982 0.000010 0.112283 0.000010 0.000010 0.835909 0.000010 0.000010 0.037756 0.000010
0.000010 0.003209 0.000010 0.122727 0.000010 0.000010 0.864790 0.000010 0.000010 0.009204 0.000010
0.000010 0.009292 0.000010 0.106075 0.000010 0.000010 0.759444 0.000010 0.000010 0.125120 0.000010
0.000010 0.083746 0.000010 0.035287 0.880887 0.000010 0.000010 0.000010 0.000010 0.000010 0.000010
0.000010 0.000010 0.820386 0.000010 0.000010 0.000011 0.000010 0.000010 0.174716 0.004817 0.000010
0.000010 0.000010 0.999900 0.000010 0.000010 0.000010 0.000010 0.000010 0.000010 0.000010 0.000010
0.000010 0.000010 0.981602 0.000010 0.000010 0.000010 0.000010 0.000010 0.000010 0.000010 0.018308
0.011150 0.007643 0.689872 0.000010 0.000010 0.000010 0.000010 0.000010 0.252207 0.000010 0.039068
0.000010 0.000010 0.999900 0.000010 0.000010 0.000010 0.000010 0.000010 0.000010 0.000010 0.000010
0.000010 0.000010 0.999900 0.000010 0.000010 0.000010 0.000010 0.000010 0.000010 0.000010 0.000010
0.000010 0.000010 0.886617 0.000010 0.000010 0.000010 0.000010 0.000010 0.048897 0.000010 0.064406
0.000010 0.007123 0.992787 0.000010 0.000010 0.000010 0.000010 0.000010 0.000010 0.000010 0.000010
0.000010 0.000010 0.520966 0.000010 0.000010 0.000010 0.000010 0.031014 0.337320 0.000010 0.110630
0.000010 0.000010 0.653455 0.000010 0.000010 0.000010 0.000010 0.000010 0.298682 0.000010 0.047783
0.000010 0.000010 0.701419 0.000010 0.000010 0.000010 0.000010 0.000010 0.257609 0.000010 0.040892
0.000010 0.000010 0.942197 0.000010 0.000010 0.000010 0.000010 0.000010 0.000010 0.000010 0.057713
0.000010 0.000010 0.901082 0.000010 0.016177 0.000010 0.000010 0.000010 0.000010 0.000010 0.082661
0.000010 0.000010 0.811536 0.000010 0.000010 0.000010 0.000010 0.017183 0.000010 0.000010 0.171201
0.000010 0.000010 0.957987 0.000010 0.000010 0.000010 0.000010 0.000010 0.000010 0.013893 0.028040
0.000010 0.000010 0.000010 0.000010 0.032326 0.000010 0.262052 0.000010 0.000010 0.705541 0.000010
0.000010 0.007426 0.000010 0.000010 0.000010 0.000010 0.280282 0.000010 0.000010 0.712212 0.000010
0.000010 0.060161 0.000010 0.454512 0.014262 0.000010 0.470994 0.000010 0.000010 0.000010 0.000010
0.000010 0.000010 0.000010 0.537280 0.034747 0.000010 0.427892 0.000010 0.000010 0.000010 0.000010
0.000010 0.000010 0.000010 0.000010 0.000010 0.000010 0.000010 0.000010 0.000010 0.000010 0.999900
0.000010 0.000010 0.000010 0.000010 0.000010 0.000010 0.000010 0.000010 0.000010 0.000010 0.999900
0.000010 0.000010 0.755395 0.026346 0.000010 0.000010 0.000010 0.000010 0.173995 0.000010 0.044194
0.000010 0.000010 0.884898 0.000010 0.000010 0.000010 0.000010 0.010370 0.000010 0.031342 0.073320
0.000010 0.000010 0.816842 0.000010 0.000010 0.000010 0.000010 0.000010 0.123362 0.000010 0.059716
0.000010 0.000010 0.913094 0.000010 0.000010 0.000018 0.000010 0.005583 0.000010 0.000010 0.081234
0.000010 0.000010 0.000010 0.000010 0.000010 0.000010 0.000010 0.000010 0.000010 0.000010 0.999900
0.000010 0.000010 0.000010 0.000010 0.000010 0.000010 0.000010 0.000010 0.000010 0.000010 0.999900
0.000010 0.000010 0.000010 0.000010 0.000010 0.000010 0.000010 0.000010 0.000010 0.000010 0.999900
0.000010 0.000010 0.526964 0.000010 0.000010 0.000010 0.000010 0.011829 0.410117 0.000010 0.051020
0.000010 0.000010 0.000010 0.000010 0.000010 0.000010 0.000010 0.000010 0.000010 0.000010 0.999900
0.000010 0.000010 0.976971 0.000010 0.000010 0.006334 0.000010 0.000010 0.000010 0.000010 0.016615
0.000010 0.000010 0.809413 0.000010 0.000010 0.002455 0.000010 0.046043 0.086839 0.000010 0.055190
0.000010 0.002352 0.995963 0.000010 0.000010 0.000010 0.000010 0.001605 0.000010 0.000010 0.000010
0.000010 0.000010 0.660055 0.000010 0.000010 0.004163 0.000010 0.045789 0.275471 0.000010 0.014462
0.000010 0.000010 0.683335 0.000010 0.000010 0.015251 0.000010 0.034738 0.266606 0.000010 0.000010
0.000010 0.000010 0.647332 0.000010 0.000010 0.000010 0.000010 0.049807 0.214218 0.000010 0.088573
0.015434 0.000010 0.744880 0.000010 0.000010 0.000010 0.000010 0.018780 0.187535 0.018739 0.014581
0.000010 0.000010 0.965338 0.000010 0.000010 0.000010 0.000010 0.034572 0.000010 0.000010 0.000010
0.000010 0.000010 0.993038 0.000010 0.000010 0.000010 0.006872 0.000010 0.000010 0.000010 0.000010
0.022626 0.000010 0.740781 0.000010 0.000010 0.000010 0.000010 0.000010 0.141799 0.000010 0.094724
0.000010 0.000010 0.979207 0.000010 0.000010 0.000010 0.000010 0.020703 0.000010 0.000010 0.000010
0.000010 0.000010 0.571195 0.000010 0.000010 0.011528 0.000010 0.031100 0.287553 0.000010 0.098564
0.000010 0.000010 0.668039 0.000010 0.000010 0.000010 0.000010 0.006640 0.325241 0.000010 0.000010
0.000010 0.003458 0.995325 0.000010 0.000010 0.001137 0.000010 0.000010 0.000010 0.000010 0.000010
0.000010 0.000010 0.991625 0.000010 0.005452 0.000010 0.000010 0.002844 0.000010 0.000010 0.000010
0.000010 0.000010 0.617784 0.000010 0.007087 0.000010 0.000010 0.053358 0.321701 0.000010 0.000010
0.000010 0.000010 0.999900 0.000010 0.000010 0.000010 0.000010 0.000010 0.000010 0.000010 0.000010
0.000010 0.000010 0.691925 0.000010 0.000010 0.000010 0.000010 0.055080 0.088988 0.000010 0.163937
0.000010 0.000010 0.907369 0.000010 0.000010 0.000010 0.000010 0.000010 0.092541 0.000010 0.000010
0.000010 0.000010 0.788408 0.000010 0.000010 0.000010 0.000010 0.011364 0.185895 0.000010 0.014263
0.000010 0.000010 0.000010 0.000010 0.000010 0.000010 0.000010 0.000010 0.000010 0.000010 0.999900
0.000010 0.000010 0.000010 0.000010 0.000010 0.000010 0.000010 0.000010 0.000010 0.000010 0.999900
0.000010 0.000010 0.000010 0.000010 0.000010 0.000010 0.000010 0.000010 0.000010 0.000010 0.999900
0.988530 0.000010 0.000010 0.000010 0.000010 0.011380 0.000010 0.000010 0.000010 0.000010 0.000010
0.000010 0.041572 0.000010 0.885446 0.072901 0.000010 0.000010 0.000010 0.000010 0.000010 0.000010
0.999900 0.000010 0.000010 0.000010 0.000010 0.000010 0.000010 0.000010 0.000010 0.000010 0.000010
0.999900 0.000010 0.000010 0.000010 0.000010 0.000010 0.000010 0.000010 0.000010 0.000010 0.000010
0.999900 0.000010 0.000010 0.000010 0.000010 0.000010 0.000010 0.000010 0.000010 0.000010 0.000010
0.978503 0.000010 0.000010 0.000010 0.000010 0.021407 0.000010 0.000010 0.000010 0.000010 0.000010
0.999900 0.000010 0.000010 0.000010 0.000010 0.000010 0.000010 0.000010 0.000010 0.000010 0.000010
0.986113 0.000010 0.000010 0.000010 0.000010 0.013797 0.000010 0.000010 0.000010 0.000010 0.000010
0.969138 0.000010 0.000010 0.000010 0.000010 0.030772 0.000010 0.000010 0.000010 0.000010 0.000010
0.966309 0.000010 0.000010 0.000010 0.000010 0.000010 0.000010 0.033601 0.000010 0.000010 0.000010
0.999900 0.000010 0.000010 0.000010 0.000010 0.000010 0.000010 0.000010 0.000010 0.000010 0.000010
0.999900 0.000010 0.000010 0.000010 0.000010 0.000010 0.000010 0.000010 0.000010 0.000010 0.000010
0.000010 0.059504 0.000010 0.611220 0.203233 0.000010 0.125973 0.000010 0.000010 0.000010 0.000010
0.999900 0.000010 0.000010 0.000010 0.000010 0.000010 0.000010 0.000010 0.000010 0.000010 0.000010
0.999900 0.000010 0.000010 0.000010 0.000010 0.000010 0.000010 0.000010 0.000010 0.000010 0.000010
0.970528 0.000010 0.000010 0.000010 0.000010 0.029382 0.000010 0.000010 0.000010 0.000010 0.000010
0.999900 0.000010 0.000010 0.000010 0.000010 0.000010 0.000010 0.000010 0.000010 0.000010 0.000010
0.999900 0.000010 0.000010 0.000010 0.000010 0.000010 0.000010 0.000010 0.000010 0.000010 0.000010
0.999900 0.000010 0.000010 0.000010 0.000010 0.000010 0.000010 0.000010 0.000010 0.000010 0.000010
0.999900 0.000010 0.000010 0.000010 0.000010 0.000010 0.000010 0.000010 0.000010 0.000010 0.000010
0.000010 0.000010 0.980833 0.000010 0.000010 0.000010 0.000010 0.019077 0.000010 0.000010 0.000010
0.000010 0.000010 0.920553 0.000010 0.000010 0.000010 0.000010 0.050117 0.000010 0.000010 0.029249
0.000010 0.000010 0.918837 0.000010 0.013875 0.000010 0.000010 0.000010 0.000010 0.000010 0.067208
0.000010 0.000010 0.999900 0.000010 0.000010 0.000010 0.000010 0.000010 0.000010 0.000010 0.000010
0.000010 0.000010 0.858141 0.000010 0.000010 0.000010 0.000010 0.000010 0.063573 0.000010 0.078206
0.000010 0.000010 0.561502 0.000010 0.000010 0.000010 0.000010 0.000010 0.394848 0.000010 0.043569
0.000010 0.007635 0.535144 0.000010 0.000010 0.013559 0.000010 0.000010 0.224288 0.000010 0.219314
0.000010 0.000010 0.000010 0.000010 0.000010 0.000010 0.000010 0.000010 0.850576 0.000010 0.149334
0.000010 0.000010 0.000010 0.000010 0.000010 0.000010 0.000010 0.000010 0.796818 0.000010 0.203092
0.000010 0.000010 0.635298 0.000010 0.000010 0.002500 0.000010 0.013925 0.246240 0.000010 0.101977
0.000010 0.000010 0.999900 0.000010 0.000010 0.000010 0.000010 0.000010 0.000010 0.000010 0.000010
0.000010 0.000010 0.631510 0.000010 0.000010 0.000010 0.000010 0.020579 0.246520 0.000010 0.101321
0.000010 0.000010 0.749652 0.000010 0.000010 0.000010 0.000010 0.027198 0.123483 0.000010 0.099597
0.000010 0.000010 0.650489 0.000010 0.000010 0.000010 0.000010 0.000010 0.348706 0.000010 0.000725
0.000010 0.000010 0.787142 0.000010 0.000010 0.000010 0.000010 0.000010 0.000010 0.000010 0.212768
0.000010 0.001319 0.571180 0.000010 0.000010 0.000010 0.000010 0.000010 0.401759 0.000010 0.025672
0.000010 0.000010 0.678106 0.000010 0.014822 0.011499 0.000010 0.000010 0.000010 0.000010 0.295504
0.000010 0.000010 0.765815 0.000010 0.000010 0.000010 0.000010 0.000010 0.000010 0.000010 0.234095
0.000012 0.000010 0.447934 0.000010 0.000010 0.000010 0.000010 0.000010 0.336093 0.000010 0.215891
0.000010 0.000010 0.543833 0.000010 0.000010 0.000010 0.000010 0.002371 0.252839 0.000010 0.200886
0.000010 0.000010 0.850235 0.000010 0.000010 0.000525 0.000010 0.000010 0.000010 0.000010 0.149160
0.000010 0.000010 0.737617 0.000010 0.000010 0.000010 0.000010 0.000010 0.262293 0.000010 0.000010
0.000010 0.028765 0.000010 0.881759 0.089396 0.000010 0.000010 0.000010 0.000010 0.000010 0.000010
0.000010 0.000010 0.000010 0.999900 0.000010 0.000010 0.000010 0.000010 0.000010 0.000010 0.000010
0.000010 0.000010 0.000010 0.999900 0.000010 0.000010 0.000010 0.000010 0.000010 0.000010 0.000010
0.000010 0.000010 0.000010 0.999900 0.000010 0.000010 0.000010 0.000010 0.000010 0.000010 0.000010
0.000010 0.000010 0.000010 0.999900 0.000010 0.000010 0.000010 0.000010 0.000010 0.000010 0.000010
0.000010 0.000010 0.982858 0.000010 0.017052 0.000010 0.000010 0.000010 0.000010 0.000010 0.000010
0.000010 0.000010 0.700570 0.000010 0.000010 0.012731 0.000010 0.002936 0.283693 0.000010 0.000010
0.000010 0.000010 0.589101 0.000010 0.017284 0.000010 0.000010 0.074065 0.244337 0.000010 0.075154
0.000010 0.000010 0.786122 0.000010 0.000010 0.007371 0.000010 0.015620 0.190817 0.000010 0.000010
0.000010 0.000010 0.704172 0.000010 0.000010 0.002749 0.000010 0.005898 0.264665 0.000010 0.022455
0.000010 0.000010 0.704471 0.000010 0.000020 0.000010 0.000010 0.039650 0.255789 0.000010 0.000010
0.000010 0.000010 0.000010 0.260580 0.027649 0.000010 0.599209 0.000010 0.000010 0.112492 0.000010
0.000010 0.026564 0.000010 0.866194 0.107162 0.000010 0.000010 0.000010 0.000010 0.000010 0.000010
0.000010 0.000010 0.980766 0.000010 0.000010 0.000010 0.000010 0.019144 0.000010 0.000010 0.000010
0.000010 0.000010 0.785525 0.000010 0.000010 0.000010 0.000010 0.032226 0.182169 0.000010 0.000010
0.000010 0.000010 0.524593 0.000010 0.000010 0.000712 0.000010 0.043747 0.324856 0.000010 0.106033
0.000010 0.000010 0.655756 0.000010 0.000010 0.000010 0.000010 0.031249 0.200743 0.021750 0.090442
0.000010 0.000010 0.723790 0.000010 0.000010 0.004419 0.000010 0.006960 0.252519 0.000010 0.012251
0.000010 0.000010 0.999900 0.000010 0.000010 0.000010 0.000010 0.000010 0.000010 0.000010 0.000010
0.000010 0.000010 0.000010 0.000010 0.000010 0.000010 0.000010 0.000010 0.000010 0.000010 0.999900
0.991422 0.000010 0.000010 0.000010 0.000010 0.008488 0.000010 0.000010 0.000010 0.000010 0.000010
0.999900 0.000010 0.000010 0.000010 0.000010 0.000010 0.000010 0.000010 0.000010 0.000010 0.000010
0.970271 0.000010 0.000010 0.000010 0.000010 0.029639 0.000010 0.000010 0.000010 0.000010 0.000010
0.968170 0.000010 0.000010 0.000010 0.000010 0.031740 0.000010 0.000010 0.000010 0.000010 0.000010
0.998550 0.000010 0.000010 0.000010 0.000010 0.001360 0.000010 0.000010 0.000010 0.000010 0.000010
0.000010 0.000010 0.000010 0.000015 0.000010 0.000010 0.000010 0.000010 0.000010 0.000010 0.999895
0.000010 0.000010 0.000010 0.000010 0.000010 0.000010 0.000010 0.000010 0.000010 0.000010 0.999900
0.000010 0.000010 0.000010 0.000010 0.000010 0.000012 0.000010 0.000010 0.000010 0.000010 0.999898
0.000010 0.000010 0.000010 0.000010 0.000010 0.000010 0.000010 0.000010 0.000010 0.000010 0.999900
0.000010 0.000010 0.000010 0.000010 0.000010 0.000010 0.000010 0.000010 0.000010 0.000010 0.999900
0.000010 0.000010 0.000010 0.000010 0.000010 0.000010 0.000010 0.000010 0.000010 0.000010 0.999900
0.000010 0.000019 0.000010 0.000010 0.000010 0.000010 0.000010 0.000010 0.000010 0.000010 0.999891
0.000010 0.083416 0.000010 0.789095 0.127406 0.000010 0.000010 0.000012 0.000010 0.000010 0.000010
0.000010 0.000010 0.000010 0.000010 0.000010 0.000010 0.000010 0.000010 0.000010 0.000010 0.999900
0.000010 0.000010 0.000010 0.000010 0.000010 0.000010 0.000010 0.000010 0.000010 0.000010 0.999900
0.000010 0.000010 0.000010 0.000010 0.000010 0.000010 0.000010 0.000010 0.000010 0.000010 0.999900
0.000010 0.000010 0.000010 0.000010 0.000010 0.000010 0.000010 0.000010 0.000010 0.000010 0.999900
0.000010 0.000010 0.000010 0.000010 0.000010 0.000010 0.000010 0.000010 0.000010 0.000010 0.999900
0.000010 0.000010 0.000010 0.000010 0.000010 0.000010 0.000010 0.000010 0.000010 0.000010 0.999900
0.000010 0.000010 0.000010 0.000010 0.000010 0.000010 0.000010 0.915853 0.084057 0.000010 0.000010
0.000010 0.000010 0.000010 0.000010 0.000010 0.000010 0.000010 0.907990 0.091920 0.000010 0.000010
0.000010 0.000010 0.000010 0.000010 0.000010 0.000010 0.000010 0.000010 0.000010 0.000010 0.999900
0.000010 0.000010 0.000010 0.000010 0.000010 0.000010 0.000010 0.000010 0.000010 0.000010 0.999900
0.000010 0.000010 0.000010 0.000010 0.000010 0.000010 0.000010 0.000015 0.000010 0.000010 0.999895
0.000010 0.000010 0.000010 0.000010 0.000010 0.000010 0.000010 0.000010 0.999900 0.000010 0.000010
0.000010 0.000010 0.000010 0.000010 0.000010 0.000016 0.000010 0.000010 0.000010 0.000010 0.999894
0.000010 0.000010 0.000010 0.000010 0.000010 0.000010 0.000010 0.000010 0.000010 0.000010 0.999900
0.000010 0.000010 0.000010 0.000010 0.000010 0.000010 0.000010 0.000010 0.000010 0.000010 0.999900
0.000010 0.000010 0.000014 0.000015 0.000010 0.000010 0.000010 0.000010 0.000010 0.000010 0.999891
0.000010 0.000010 0.000010 0.000012 0.000010 0.000010 0.000010 0.000010 0.000010 0.000010 0.999898
0.000010 0.000010 0.000010 0.000010 0.000013 0.000010 0.000010 0.000010 0.000010 0.000010 0.999897
0.000010 0.000010 0.000010 0.000017 0.000010 0.000010 0.000010 0.000010 0.000010 0.000010 0.999893
0.000010 0.000010 0.000010 0.000010 0.000010 0.000013 0.000010 0.000010 0.000010 0.000010 0.999897
0.000010 0.107135 0.000010 0.765744 0.127041 0.000010 0.000010 0.000010 0.000010 0.000010 0.000010
0.000017 0.000010 0.598930 0.000010 0.000010 0.000010 0.000010 0.000010 0.380641 0.000010 0.020342
0.000010 0.000010 0.509080 0.000010 0.000010 0.000010 0.000010 0.000010 0.272967 0.000010 0.217873
0.000010 0.000010 0.000010 0.000010 0.000013 0.000010 0.000010 0.000010 0.999897 0.000010 0.000010
0.000010 0.000010 0.000010 0.000010 0.000010 0.000010 0.000010 0.000010 0.999900 0.000010 0.000010
0.000010 0.000010 0.000010 0.000010 0.000010 0.000010 0.000010 0.000010 0.999900 0.000010 0.000010
0.000010 0.000010 0.000010 0.000010 0.000010 0.000010 0.000010 0.000010 0.999900 0.000010 0.000010
0.000010 0.000010 0.000010 0.000010 0.000010 0.000010 0.000010 0.000010 0.999900 0.000010 0.000010
0.000010 0.000010 0.000010 0.000010 0.000010 0.000010 0.000010 0.000010 0.999900 0.000010 0.000010
0.000010 0.000010 0.000010 0.000010 0.000010 0.000010 0.000010 0.000010 0.999900 0.000010 0.000010
0.000010 0.000010 0.724984 0.000010 0.000010 0.000010 0.000010 0.000010 0.000010 0.000010 0.274926
0.000010 0.000014 0.000010 0.000010 0.000010 0.000010 0.000010 0.000010 0.000010 0.000010 0.999896
0.000010 0.000010 0.000010 0.000010 0.000010 0.000010 0.000010 0.000010 0.999900 0.000010 0.000010
0.000010 0.000010 0.000010 0.000010 0.000010 0.000010 0.000010 0.000010 0.999900 0.000010 0.000010
0.000010 0.000010 0.000010 0.000010 0.000010 0.000010 0.000010 0.000010 0.999900 0.000010 0.000010
0.000010 0.000010 0.864514 0.000010 0.000010 0.000010 0.000010 0.032990 0.027656 0.000010 0.074770
0.000010 0.000010 0.748626 0.000010 0.000010 0.002527 0.000010 0.000010 0.248767 0.000010 0.000010
0.000010 0.000010 0.892375 0.000010 0.000010 0.002901 0.000010 0.041793 0.062860 0.000010 0.000010
0.016974 0.006702 0.948488 0.000010 0.000010 0.000010 0.000010 0.027766 0.000010 0.000010 0.000010
0.013314 0.000010 0.689201 0.000010 0.000010 0.000010 0.000010 0.051813 0.176056 0.000010 0.069556
0.000010 0.000010 0.957278 0.000010 0.000010 0.001191 0.000010 0.041451 0.000010 0.000010 0.000010
0.000010 0.000010 0.999900 0.000010 0.000010 0.000010 0.000010 0.000010 0.000010 0.000010 0.000010
0.000010 0.000010 0.726835 0.000010 0.000010 0.008742 0.000010 0.000010 0.000010 0.000010 0.264344
0.000010 0.000010 0.968386 0.000010 0.000010 0.000010 0.000010 0.031524 0.000010 0.000010 0.000010
0.000010 0.000010 0.715096 0.003701 0.000010 0.000010 0.000010 0.056302 0.130634 0.000010 0.094208
0.000011 0.000010 0.000010 0.000010 0.000010 0.000010 0.000010 0.000010 0.000010 0.000010 0.999899
0.000010 0.000010 0.710604 0.000010 0.000010 0.005485 0.000010 0.000010 0.101859 0.000010 0.181982
0.000010 0.000010 0.645773 0.000010 0.000010 0.000010 0.000010 0.000010 0.000010 0.000010 0.354137
0.021364 0.000010 0.847262 0.000010 0.000010 0.000010 0.000010 0.027547 0.012524 0.000010 0.091242
0.000010 0.000010 0.999900 0.000010 0.000010 0.000010 0.000010 0.000010 0.000010 0.000010 0.000010
0.000010 0.000010 0.989266 0.000010 0.000010 0.010644 0.000010 0.000010 0.000010 0.000010 0.000010
0.000010 0.000010 0.977277 0.000010 0.000010 0.000010 0.000010 0.022633 0.000010 0.000010 0.000010
0.000010 0.003405 0.794340 0.000010 0.000010 0.000010 0.000010 0.064201 0.096894 0.000010 0.041099
0.000010 0.000010 0.986354 0.000010 0.000010 0.000010 0.000010 0.013556 0.000010 0.000010 0.000010
0.005500 0.000010 0.994410 0.000010 0.000010 0.000010 0.000010 0.000010 0.000010 0.000010 0.000010
0.000010 0.000010 0.621317 0.000010 0.000010 0.000010 0.000010 0.076988 0.213730 0.007570 0.080335
0.000010 0.000010 0.589859 0.000010 0.000010 0.009289 0.000010 0.000010 0.326780 0.000010 0.074001
0.000010 0.000010 0.000010 0.000010 0.999900 0.000010 0.000010 0.000010 0.000010 0.000010 0.000010
0.000010 0.000010 0.000010 0.999900 0.000010 0.000010 0.000010 0.000010 0.000010 0.000010 0.000010
0.000010 0.000010 0.000010 0.000010 0.999900 0.000010 0.000010 0.000010 0.000010 0.000010 0.000010
0.000010 0.000010 0.000010 0.999900 0.000010 0.000010 0.000010 0.000010 0.000010 0.000010 0.000010
0.000010 0.052509 0.000010 0.770149 0.177262 0.000010 0.000010 0.000010 0.000010 0.000010 0.000010
0.000010 0.000010 0.000010 0.000010 0.999900 0.000010 0.000010 0.000010 0.000010 0.000010 0.000010
0.000010 0.000010 0.000010 0.000010 0.999900 0.000010 0.000010 0.000010 0.000010 0.000010 0.000010
0.000010 0.000010 0.000010 0.000010 0.999900 0.000010 0.000010 0.000010 0.000010 0.000010 0.000010
0.000010 0.000010 0.000010 0.000010 0.999896 0.000014 0.000010 0.000010 0.000010 0.000010 0.000010
0.000010 0.000010 0.000010 0.000010 0.999900 0.000010 0.000010 0.000010 0.000010 0.000010 0.000010
0.000010 0.000010 0.000010 0.013214 0.081854 0.000010 0.904852 0.000010 0.000010 0.000010 0.000010
0.000010 0.000010 0.000010 0.000012 0.000010 0.756638 0.000010 0.243270 0.000010 0.000010 0.000010
0.000010 0.073928 0.000010 0.774087 0.151905 0.000010 0.000010 0.000010 0.000010 0.000010 0.000010
0.000010 0.000010 0.000010 0.000010 0.000010 0.766933 0.000010 0.232977 0.000010 0.000010 0.000010
0.000010 0.000010 0.661578 0.000010 0.000010 0.027274 0.000010 0.087181 0.223897 0.000010 0.000010
0.000010 0.000010 0.613577 0.000010 0.000010 0.000010 0.000010 0.110207 0.217288 0.000010 0.058858
0.007230 0.000010 0.775575 0.000010 0.000010 0.000010 0.000010 0.075813 0.090942 0.000010 0.050379
0.000010 0.000010 0.000010 0.000010 0.000010 0.999900 0.000010 0.000010 0.000010 0.000010 0.000010
0.000010 0.000010 0.000010 0.000010 0.000010 0.999889 0.000013 0.000017 0.000010 0.000010 0.000010
0.000010 0.000011 0.000010 0.000010 0.000012 0.999898 0.000010 0.000010 0.000010 0.000010 0.000010
0.000010 0.000010 0.000010 0.000010 0.000010 0.999900 0.000010 0.000010 0.000010 0.000010 0.000010
0.000010 0.000010 0.000010 0.000010 0.000010 0.999900 0.000010 0.000010 0.000010 0.000010 0.000010
0.000010 0.000010 0.000010 0.000010 0.000010 0.999900 0.000010 0.000010 0.000010 0.000010 0.000010
0.000010 0.000010 0.000010 0.000010 0.000013 0.999897 0.000010 0.000010 0.000010 0.000010 0.000010
0.000010 0.000019 0.000010 0.000011 0.000010 0.999890 0.000010 0.000010 0.000010 0.000010 0.000010
0.000015 0.000010 0.000010 0.000010 0.000010 0.999895 0.000010 0.000010 0.000010 0.000010 0.000010
0.000010 0.000010 0.000010 0.000010 0.000011 0.999899 0.000010 0.000010 0.000010 0.000010 0.000010
0.999900 0.000010 0.000010 0.000010 0.000010 0.000010 0.000010 0.000010 0.000010 0.000010 0.000010
0.957751 0.000010 0.000010 0.000010 0.000010 0.042159 0.000010 0.000010 0.000010 0.000010 0.000010
0.985874 0.000010 0.000010 0.000010 0.000010 0.014036 0.000010 0.000010 0.000010 0.000010 0.000010
0.973691 0.000010 0.000010 0.000010 0.000010 0.026219 0.000010 0.000010 0.000010 0.000010 0.000010
0.000010 0.092404 0.000010 0.822716 0.084800 0.000010 0.000010 0.000010 0.000010 0.000010 0.000010
0.000010 0.042817 0.000010 0.774134 0.182969 0.000010 0.000010 0.000010 0.000010 0.000010 0.000010
0.000010 0.077172 0.000010 0.769099 0.153649 0.000010 0.000010 0.000010 0.000010 0.000010 0.000010
0.000010 0.095717 0.000010 0.677641 0.226562 0.000010 0.000010 0.000010 0.000010 0.000010 0.000010
0.000010 0.070886 0.000010 0.166814 0.762220 0.000010 0.000010 0.000010 0.000010 0.000010 0.000010
0.000010 0.008240 0.000010 0.675134 0.090003 0.000010 0.226554 0.000010 0.000010 0.000010 0.000010
0.000010 0.000010 0.000010 0.605163 0.101087 0.000010 0.293669 0.000010 0.000010 0.000010 0.000010
0.000010 0.062331 0.000010 0.658471 0.013759 0.000010 0.265368 0.000010 0.000010 0.000010 0.000010
0.000010 0.000010 0.000010 0.100154 0.026268 0.000010 0.873498 0.000010 0.000010 0.000010 0.000010
0.000010 0.017915 0.000010 0.015113 0.000010 0.000010 0.966892 0.000010 0.000010 0.000010 0.000010
