0.896493 0.000010 0.103487 0.000010
0.914580 0.000010 0.085400 0.000010
0.000010 0.000010 0.999970 0.000010
0.876683 0.108919 0.014388 0.000010
0.826962 0.173018 0.000010 0.000010
0.848799 0.151166 0.000025 0.000010
0.836061 0.160092 0.000010 0.003837
0.999970 0.000010 0.000010 0.000010
0.822950 0.177030 0.000010 0.000010
0.999970 0.000010 0.000010 0.000010
0.909912 0.090068 0.000010 0.000010
0.911430 0.088550 0.000010 0.000010
0.866392 0.133588 0.000010 0.000010
0.999970 0.000010 0.000010 0.000010
0.000010 0.000010 0.999970 0.000010
0.000010 0.000017 0.999963 0.000010
0.000010 0.000010 0.999970 0.000010
0.000010 0.000010 0.999970 0.000010
0.000010 0.000010 0.999970 0.000010
0.000010 0.000010 0.999970 0.000010
0.886273 0.000010 0.113707 0.000010
0.924305 0.000010 0.075675 0.000010
0.829797 0.000010 0.170183 0.000010
0.811182 0.000010 0.188798 0.000010
0.817226 0.000010 0.182754 0.000010
0.163559 0.000010 0.836421 0.000010
0.832663 0.000010 0.167317 0.000010
0.040619 0.911872 0.000010 0.047499
0.000010 0.000010 0.999970 0.000010
0.851298 0.000010 0.148682 0.000010
0.104587 0.000010 0.895393 0.000010
0.000010 0.000010 0.999970 0.000010
0.000010 0.000010 0.000010 0.999970
0.000010 0.000010 0.000010 0.999970
0.000010 0.000010 0.000010 0.999970
0.000010 0.000010 0.000010 0.999970
0.000010 0.000010 0.000010 0.999970
0.000010 0.000010 0.000010 0.999970
0.000010 0.000010 0.000010 0.999970
0.000010 0.000010 0.000010 0.999970
0.000010 0.000010 0.000010 0.999970
0.000010 0.000010 0.000010 0.999970
0.000010 0.000010 0.000010 0.999970
0.775345 0.000010 0.224635 0.000010
0.847084 0.000010 0.152896 0.000010
0.085143 0.000010 0.914837 0.000010
0.000010 0.000010 0.999970 0.000010
0.000010 0.000010 0.999970 0.000010
0.000010 0.000010 0.999970 0.000010
0.000010 0.000010 0.999970 0.000010
0.000010 0.000010 0.999970 0.000010
0.764902 0.000010 0.235078 0.000010
0.748999 0.000010 0.250981 0.000010
0.000010 0.000010 0.999970 0.000010
0.000010 0.000010 0.999970 0.000010
0.000010 0.000010 0.999970 0.000010
0.226151 0.000010 0.773829 0.000010
0.000010 0.000010 0.999970 0.000010
0.000010 0.000010 0.999970 0.000010
0.000010 0.000010 0.999970 0.000010
0.000010 0.000010 0.999970 0.000010
0.000010 0.000010 0.999970 0.000010
0.000010 0.000010 0.999970 0.000010
0.000010 0.861276 0.000010 0.138704
0.024615 0.836509 0.000010 0.138866
0.007406 0.857444 0.016502 0.118649
0.017287 0.854055 0.000010 0.128648
0.002770 0.866072 0.000010 0.131148
0.000010 0.872068 0.001160 0.126762
0.000010 0.876998 0.000010 0.122982
0.000010 0.000010 0.999970 0.000010
0.000010 0.000010 0.999970 0.000010
0.260724 0.000010 0.739256 0.000010
0.000010 0.000010 0.999970 0.000010
0.000010 0.000010 0.999970 0.000010
0.000010 0.000010 0.999970 0.000010
0.715375 0.239133 0.034919 0.010573
0.805649 0.136871 0.057470 0.000010
0.853529 0.137127 0.009334 0.000010
0.820968 0.153312 0.025710 0.000010
0.771466 0.204261 0.024263 0.000010
0.781952 0.191661 0.026377 0.000010
0.849109 0.150871 0.000010 0.000010
0.869003 0.000010 0.130977 0.000010
0.837554 0.000010 0.162426 0.000010
0.825890 0.000010 0.174090 0.000010
0.836481 0.000010 0.163499 0.000010
0.829362 0.000010 0.170618 0.000010
0.822716 0.000010 0.177264 0.000010
0.829473 0.000010 0.170507 0.000010
0.803635 0.000010 0.196345 0.000010
0.000010 0.899755 0.008076 0.092160
0.000010 0.882686 0.030196 0.087108
0.000010 0.913179 0.005456 0.081356
0.000010 0.894778 0.000010 0.105202
0.000010 0.910059 0.010662 0.079269
0.000010 0.915645 0.000010 0.084335
0.019220 0.919452 0.000010 0.061319
0.912594 0.000010 0.087386 0.000010
0.882601 0.000010 0.117379 0.000010
0.568119 0.354962 0.053714 0.023205
0.580114 0.371179 0.027354 0.021353
0.610183 0.350914 0.030415 0.008488
0.552333 0.394876 0.028307 0.024484
0.607354 0.358493 0.011818 0.022335
0.573875 0.379635 0.038934 0.007556
0.625606 0.320728 0.037472 0.016194
0.620436 0.355672 0.004994 0.018898
0.949695 0.000010 0.050285 0.000010
0.925408 0.000010 0.074572 0.000010
0.950577 0.000010 0.049403 0.000010
0.743215 0.000010 0.256765 0.000010
0.793679 0.000010 0.206301 0.000010
0.944183 0.000010 0.055797 0.000010
0.884189 0.000010 0.115791 0.000010
0.922264 0.000010 0.077716 0.000010
0.598385 0.338616 0.033516 0.029483
0.896091 0.000010 0.103889 0.000010
0.891753 0.000010 0.108227 0.000010
0.000010 0.000010 0.999970 0.000010
0.000010 0.000010 0.999970 0.000010
0.000010 0.000010 0.999970 0.000010
0.000010 0.000010 0.999970 0.000010
0.000010 0.000010 0.999970 0.000010
0.000010 0.000010 0.999970 0.000010
0.000010 0.000010 0.999970 0.000010
0.112958 0.000010 0.887022 0.000010
0.000010 0.000010 0.999970 0.000010
0.000010 0.000010 0.999970 0.000010
0.000010 0.000010 0.999970 0.000010
0.106275 0.000010 0.893705 0.000010
0.000010 0.000010 0.999970 0.000010
0.000010 0.000010 0.999970 0.000010
0.000010 0.000010 0.999970 0.000010
0.000010 0.000010 0.999970 0.000010
0.155884 0.000010 0.844096 0.000010
0.700063 0.000010 0.299917 0.000010
0.636170 0.000010 0.363810 0.000010
0.673143 0.000010 0.326837 0.000010
0.630918 0.000010 0.369062 0.000010
0.707145 0.000010 0.292835 0.000010
0.677907 0.000010 0.322073 0.000010
0.678283 0.000010 0.321697 0.000010
0.673305 0.000010 0.326675 0.000010
0.687935 0.000010 0.312045 0.000010
0.876670 0.000010 0.123310 0.000010
0.853754 0.000010 0.146226 0.000010
0.851793 0.000010 0.148187 0.000010
0.824597 0.000010 0.175383 0.000010
0.838336 0.000010 0.161644 0.000010
0.814847 0.000010 0.185133 0.000010
0.660449 0.000010 0.339531 0.000010
0.000010 0.000010 0.999970 0.000010
0.000010 0.000010 0.999970 0.000010
0.681971 0.000010 0.318009 0.000010
0.696871 0.000010 0.303109 0.000010
0.942681 0.057299 0.000010 0.000010
0.880574 0.119406 0.000010 0.000010
0.925509 0.074471 0.000010 0.000010
0.886195 0.113785 0.000010 0.000010
0.873514 0.116573 0.009903 0.000010
0.888221 0.083642 0.028127 0.000010
0.923961 0.076019 0.000010 0.000010
0.866527 0.125343 0.008120 0.000010
0.990078 0.009902 0.000010 0.000010
0.926945 0.073035 0.000010 0.000010
0.894232 0.105748 0.000010 0.000010
0.000010 0.000010 0.999970 0.000010
0.000010 0.000010 0.999970 0.000010
0.000010 0.000018 0.999962 0.000010
0.000010 0.000010 0.999970 0.000010
0.000010 0.000010 0.999970 0.000010
0.000010 0.000010 0.999970 0.000010
0.904964 0.000010 0.095016 0.000010
0.932209 0.000010 0.067771 0.000010
0.929274 0.000010 0.070706 0.000010
0.947788 0.000010 0.052192 0.000010
0.150836 0.000010 0.849144 0.000010
0.033194 0.891119 0.000010 0.075677
0.000010 0.913306 0.000010 0.086674
0.000010 0.922512 0.000010 0.077468
0.000010 0.906489 0.010046 0.083456
0.030549 0.895410 0.000010 0.074031
0.010338 0.906578 0.007368 0.075715
0.000010 0.934728 0.016647 0.048615
0.000010 0.903531 0.015611 0.080849
0.000010 0.924323 0.000010 0.075657
0.000010 0.937471 0.000010 0.062509
0.000010 0.935140 0.000010 0.064840
0.017158 0.904203 0.000010 0.078630
0.005129 0.906577 0.021542 0.066752
0.013145 0.912388 0.000010 0.074457
0.030564 0.889491 0.000010 0.079935
0.889685 0.092760 0.017545 0.000010
0.839633 0.160347 0.000010 0.000010
0.840526 0.000010 0.159454 0.000010
0.860386 0.000010 0.139594 0.000010
0.000010 0.999970 0.000010 0.000010
0.000010 0.999970 0.000010 0.000010
0.042741 0.885811 0.000010 0.071438
0.023774 0.892179 0.001742 0.082305
0.000010 0.926594 0.000010 0.073386
0.000010 0.911907 0.000010 0.088073
0.000010 0.999970 0.000010 0.000010
0.000010 0.999970 0.000010 0.000010
0.000010 0.999970 0.000010 0.000010
0.038904 0.894472 0.000010 0.066614
0.000010 0.999970 0.000010 0.000010
0.018642 0.886956 0.000010 0.094392
0.000010 0.889840 0.000010 0.110140
0.015381 0.877771 0.015884 0.090965
0.000010 0.882800 0.000010 0.117180
0.038097 0.841397 0.000010 0.120495
0.000010 0.895497 0.002990 0.101504
0.028147 0.872305 0.000010 0.099538
0.000010 0.888644 0.000010 0.111336
0.038219 0.872854 0.000010 0.088917
0.000010 0.901354 0.000010 0.098626
0.000010 0.885902 0.010035 0.104053
0.000010 0.899717 0.000010 0.100263
0.000010 0.918806 0.000010 0.081174
0.001433 0.887577 0.020957 0.090033
0.000010 0.879498 0.019240 0.101252
0.000010 0.870875 0.014646 0.114469
0.000010 0.925868 0.000010 0.074112
0.003954 0.899033 0.000010 0.097003
0.026326 0.891345 0.000010 0.082319
0.000010 0.916626 0.000010 0.083354
0.000010 0.999970 0.000010 0.000010
0.000010 0.999970 0.000010 0.000010
0.000010 0.999970 0.000010 0.000010
0.000010 0.000010 0.000010 0.999970
0.714167 0.000010 0.285813 0.000010
0.000010 0.000010 0.000010 0.999970
0.000010 0.000010 0.000010 0.999970
0.000010 0.000010 0.000010 0.999970
0.000010 0.000010 0.000010 0.999970
0.000010 0.000010 0.000010 0.999970
0.000010 0.000010 0.000010 0.999970
0.000010 0.000010 0.000010 0.999970
0.000010 0.000010 0.000010 0.999970
0.000010 0.000010 0.000010 0.999970
0.000010 0.000010 0.000010 0.999970
0.668333 0.000010 0.331647 0.000010
0.000010 0.000010 0.000010 0.999970
0.000010 0.000010 0.000010 0.999970
0.000010 0.000010 0.000010 0.999970
0.000010 0.000010 0.000010 0.999970
0.000010 0.000010 0.000010 0.999970
0.000010 0.000010 0.000010 0.999970
0.000010 0.000010 0.000010 0.999970
0.000010 0.891485 0.000010 0.108495
0.000010 0.872160 0.000010 0.127820
0.033215 0.883515 0.019597 0.063674
0.000010 0.926201 0.000010 0.073779
0.000010 0.933409 0.000010 0.066571
0.000010 0.919928 0.000010 0.080052
0.000010 0.922429 0.015126 0.062436
0.024409 0.922563 0.000010 0.053017
0.000010 0.934835 0.000010 0.065145
0.000010 0.920483 0.000010 0.079497
0.001459 0.905802 0.013088 0.079651
0.000010 0.921476 0.000010 0.078504
0.000010 0.921072 0.000010 0.078908
0.015435 0.919224 0.000010 0.065331
0.027521 0.930652 0.000010 0.041817
0.018071 0.906264 0.013229 0.062436
0.000010 0.929668 0.015853 0.054469
0.000010 0.958144 0.002274 0.039571
0.000010 0.971122 0.000010 0.028858
0.000010 0.947288 0.000010 0.052692
0.000010 0.939902 0.000010 0.060078
0.028492 0.903313 0.000010 0.068185
0.707337 0.000010 0.292643 0.000010
0.875255 0.000010 0.124725 0.000010
0.820373 0.000010 0.179607 0.000010
0.839550 0.000010 0.160430 0.000010
0.884962 0.000010 0.115018 0.000010
0.000010 0.891690 0.018200 0.090100
0.000010 0.898087 0.000010 0.101893
0.000010 0.859073 0.023238 0.117679
0.000010 0.888276 0.000010 0.111704
0.000010 0.905619 0.000010 0.094361
0.033722 0.869525 0.000010 0.096743
0.921251 0.000010 0.078729 0.000010
0.742195 0.000010 0.257785 0.000010
0.000010 0.888486 0.013182 0.098322
0.000010 0.900540 0.000010 0.099440
0.000010 0.908158 0.000010 0.091822
0.000010 0.912902 0.000010 0.087078
0.000010 0.907004 0.000010 0.092976
0.003844 0.907713 0.000010 0.088433
0.000010 0.999970 0.000010 0.000010
0.000010 0.000010 0.000010 0.999970
0.000010 0.000010 0.000010 0.999970
0.000010 0.000010 0.000010 0.999970
0.000010 0.000010 0.000010 0.999970
0.000010 0.000010 0.000010 0.999970
0.000010 0.999970 0.000010 0.000010
0.000010 0.999970 0.000010 0.000010
0.000010 0.999970 0.000010 0.000010
0.000010 0.999970 0.000010 0.000010
0.000010 0.999970 0.000010 0.000010
0.000010 0.999970 0.000010 0.000010
0.000010 0.999970 0.000010 0.000010
0.664213 0.000010 0.335767 0.000010
0.000010 0.999970 0.000010 0.000010
0.000010 0.999970 0.000010 0.000010
0.000010 0.999970 0.000010 0.000010
0.000010 0.999970 0.000010 0.000010
0.000010 0.999970 0.000010 0.000010
0.000010 0.999970 0.000010 0.000010
0.000010 0.282403 0.000010 0.717577
0.037862 0.261754 0.003317 0.697067
0.000010 0.999970 0.000010 0.000010
0.000010 0.999970 0.000010 0.000010
0.000010 0.999970 0.000010 0.000010
0.000010 0.962219 0.000010 0.037761
0.000010 0.999970 0.000010 0.000010
0.000010 0.999970 0.000010 0.000010
0.000010 0.999970 0.000010 0.000010
0.000010 0.999970 0.000010 0.000010
0.000010 0.999970 0.000010 0.000010
0.000010 0.999970 0.000010 0.000010
0.000010 0.999970 0.000010 0.000010
0.000010 0.999970 0.000010 0.000010
0.657561 0.000010 0.342419 0.000010
0.000010 0.934678 0.000010 0.065302
0.000010 0.950599 0.000010 0.049381
0.000010 0.975485 0.000010 0.024495
0.007997 0.985257 0.000010 0.006736
0.000010 0.968773 0.000010 0.031207
0.000010 0.970283 0.000010 0.029697
0.000010 0.977056 0.000010 0.022924
0.000010 0.977383 0.000010 0.022597
0.000010 0.969149 0.000010 0.030831
0.000010 0.946250 0.000010 0.053730
0.000010 0.999970 0.000010 0.000010
0.000010 0.978981 0.000010 0.020999
0.000010 0.973461 0.017719 0.008810
0.000010 0.964191 0.000010 0.035789
0.000010 0.906531 0.000010 0.093449
0.000010 0.931299 0.000010 0.068681
0.000010 0.883304 0.000010 0.116676
0.001519 0.852882 0.025484 0.120115
0.000010 0.876926 0.000010 0.123054
0.040873 0.844906 0.000010 0.114211
0.000010 0.919225 0.000010 0.080755
0.000010 0.934507 0.000010 0.065473
0.000010 0.896101 0.000010 0.103879
0.000018 0.891598 0.000010 0.108375
0.000010 0.999970 0.000010 0.000010
0.000010 0.940693 0.000010 0.059287
0.000010 0.971737 0.000010 0.028243
0.000010 0.883646 0.000010 0.116334
0.000010 0.904282 0.000010 0.095698
0.028350 0.872486 0.000010 0.099154
0.030976 0.860243 0.005200 0.103580
0.000010 0.872325 0.011493 0.116173
0.000010 0.901992 0.000010 0.097988
0.025553 0.878942 0.000010 0.095495
0.017312 0.873572 0.000010 0.109106
0.000010 0.915857 0.011202 0.072931
0.000010 0.000010 0.999970 0.000010
0.932857 0.000010 0.067123 0.000010
0.000010 0.000010 0.999970 0.000010
0.945754 0.000010 0.054226 0.000010
0.685799 0.000010 0.314181 0.000010
0.000010 0.000010 0.999970 0.000010
0.000010 0.000010 0.999970 0.000010
0.000010 0.000010 0.999970 0.000010
0.000010 0.000010 0.999970 0.000010
0.000010 0.000010 0.999970 0.000010
0.922950 0.000010 0.077030 0.000010
0.000010 0.003678 0.000010 0.996302
0.658678 0.000010 0.341302 0.000010
0.000010 0.017661 0.000010 0.982319
0.016402 0.807584 0.000010 0.176004
0.000010 0.849705 0.000010 0.150275
0.000010 0.864263 0.000010 0.135717
0.000010 0.000010 0.000010 0.999970
0.000010 0.000010 0.000010 0.999970
0.000010 0.000010 0.000010 0.999970
0.000010 0.000010 0.000010 0.999970
0.000010 0.000010 0.000010 0.999970
0.000010 0.000010 0.000010 0.999970
0.000010 0.000010 0.000010 0.999970
0.000010 0.000010 0.000010 0.999970
0.000010 0.000010 0.000010 0.999970
0.000010 0.000013 0.000010 0.999967
0.000010 0.000010 0.000010 0.999970
0.000010 0.000010 0.000010 0.999970
0.000010 0.000010 0.000010 0.999970
0.000010 0.000010 0.000010 0.999970
0.718428 0.000010 0.281552 0.000010
0.669208 0.000010 0.330772 0.000010
0.674149 0.000010 0.325831 0.000010
0.605831 0.000010 0.394149 0.000010
0.227453 0.000010 0.772527 0.000010
0.793085 0.000010 0.206895 0.000010
0.809982 0.000010 0.189998 0.000010
0.814479 0.000010 0.185501 0.000010
0.929942 0.000010 0.070038 0.000010
0.942765 0.000010 0.057215 0.000010
0.906944 0.052815 0.040230 0.000010
0.867052 0.051040 0.081898 0.000010
0.910449 0.000010 0.089531 0.000010
0.102202 0.000010 0.897778 0.000010
0.130497 0.000010 0.869483 0.000010
0.148937 0.000010 0.851043 0.000010
0.139173 0.000010 0.860807 0.000010
0.084568 0.000010 0.915412 0.000010
0.068198 0.000010 0.931782 0.000010
0.136146 0.000010 0.863834 0.000010
0.076716 0.000010 0.923264 0.000010
0.106325 0.000010 0.893655 0.000010
0.132985 0.000010 0.866995 0.000010
0.129143 0.000010 0.870837 0.000010
0.140135 0.000010 0.859845 0.000010
0.807369 0.172766 0.019855 0.000010
0.800836 0.184342 0.014812 0.000010
0.828253 0.158855 0.012882 0.000010
0.815718 0.174117 0.010154 0.000010
0.144419 0.000010 0.855561 0.000010
0.910868 0.000010 0.089112 0.000010
0.822724 0.142625 0.034641 0.000010
0.846704 0.129979 0.023307 0.000010
0.863603 0.091206 0.045182 0.000010
0.109083 0.000010 0.890897 0.000010
0.123796 0.000010 0.876184 0.000010
0.908801 0.000010 0.091179 0.000010
0.923865 0.000010 0.076115 0.000010
0.144975 0.000010 0.855005 0.000010
0.853647 0.115213 0.031130 0.000010
0.854776 0.120325 0.024890 0.000010
0.917172 0.000010 0.082808 0.000010
0.814118 0.159541 0.026331 0.000010
0.792618 0.192053 0.000010 0.015318
0.934996 0.000010 0.064984 0.000010
0.916326 0.000010 0.083654 0.000010
0.868028 0.124579 0.007383 0.000010
0.829934 0.161136 0.000010 0.008920
0.822707 0.129106 0.048177 0.000010
0.852255 0.140392 0.007343 0.000010
0.847012 0.107047 0.045931 0.000010
0.796734 0.180294 0.022962 0.000010
0.854370 0.058983 0.086637 0.000010
0.895193 0.015519 0.089278 0.000010
0.920803 0.000010 0.079177 0.000010
0.819841 0.155159 0.024990 0.000010
0.872135 0.117244 0.010611 0.000010
0.912368 0.000010 0.087612 0.000010
0.910696 0.031635 0.057659 0.000010
0.936225 0.006261 0.057504 0.000010
0.970920 0.000010 0.029060 0.000010
0.935215 0.000010 0.064765 0.000010
0.000010 0.000010 0.999970 0.000010
0.000010 0.000010 0.999970 0.000010
0.030727 0.000010 0.969253 0.000010
0.012012 0.000010 0.987968 0.000010
0.000010 0.000010 0.999970 0.000010
0.000313 0.000010 0.999667 0.000010
0.000010 0.000010 0.999970 0.000010
0.000010 0.000010 0.999970 0.000010
0.000010 0.000010 0.999970 0.000010
0.934205 0.000010 0.065775 0.000010
0.910735 0.000010 0.089245 0.000010
0.924038 0.000010 0.075942 0.000010
0.929993 0.000010 0.069987 0.000010
0.955672 0.000010 0.044308 0.000010
0.931368 0.000010 0.068612 0.000010
0.912432 0.000010 0.087548 0.000010
0.903553 0.001226 0.095211 0.000010
0.936055 0.000010 0.063925 0.000010
0.916416 0.000010 0.083564 0.000010
0.880191 0.119789 0.000010 0.000010
0.904531 0.000010 0.095449 0.000010
0.911238 0.000010 0.088742 0.000010
0.839168 0.160812 0.000010 0.000010
0.800542 0.173767 0.025681 0.000010
0.090184 0.000010 0.909796 0.000010
0.139783 0.000010 0.860197 0.000010
0.140246 0.000010 0.859734 0.000010
0.140199 0.000010 0.859781 0.000010
0.129665 0.000010 0.870315 0.000010
0.139863 0.000010 0.860117 0.000010
0.105674 0.000010 0.894306 0.000010
0.130647 0.000010 0.869333 0.000010
0.000010 0.946296 0.000010 0.053684
0.021285 0.884303 0.026247 0.068164
0.004398 0.923577 0.000010 0.072015
0.024506 0.847675 0.005445 0.122373
0.903525 0.000010 0.096455 0.000010
0.936119 0.059498 0.004373 0.000010
0.000010 0.934704 0.000010 0.065276
0.000010 0.953916 0.000010 0.046064
0.016507 0.934263 0.000010 0.049220
0.000010 0.934592 0.000010 0.065388
0.000010 0.952620 0.000010 0.047360
0.000010 0.950054 0.000010 0.049926
0.124104 0.000010 0.875876 0.000010
0.016532 0.924437 0.000010 0.059021
0.000010 0.937774 0.000010 0.062206
0.000010 0.000010 0.000010 0.999970
0.000010 0.000010 0.000010 0.999970
0.000010 0.000010 0.000010 0.999970
0.000010 0.000010 0.000010 0.999970
0.000010 0.000010 0.000010 0.999970
0.797204 0.157134 0.045652 0.000010
0.796679 0.168816 0.034495 0.000010
0.830040 0.152480 0.017469 0.000010
0.921605 0.000010 0.078375 0.000010
0.820040 0.179940 0.000010 0.000010
0.897509 0.000010 0.102471 0.000010
0.000010 0.000010 0.999970 0.000010
0.000010 0.000010 0.999970 0.000010
0.000010 0.000010 0.999970 0.000010
0.000010 0.000010 0.999970 0.000010
0.000010 0.000010 0.999970 0.000010
0.000010 0.086128 0.000010 0.913852
0.140750 0.000010 0.859230 0.000010
0.000010 0.090440 0.000010 0.909540
0.000010 0.079352 0.000010 0.920628
0.000010 0.209743 0.000010 0.790237
0.000010 0.172329 0.000010 0.827651
0.034188 0.182677 0.007811 0.775324
0.000010 0.195677 0.000010 0.804303
0.000010 0.177564 0.000010 0.822416
0.000010 0.225831 0.000010 0.774149
0.000010 0.138798 0.000010 0.861182
0.000010 0.161282 0.000010 0.838698
0.000833 0.074162 0.000010 0.924995
0.023921 0.129974 0.000010 0.846095
0.008631 0.271490 0.000010 0.719868
0.000010 0.156167 0.000010 0.843813
0.000010 0.897746 0.009928 0.092316
0.000010 0.900569 0.000010 0.099411
0.007571 0.884412 0.011564 0.096453
0.117045 0.000010 0.882935 0.000010
0.000010 0.866418 0.018183 0.115389
0.038040 0.846791 0.016717 0.098452
0.024479 0.885911 0.004585 0.085024
0.048431 0.843066 0.008094 0.100410
0.000010 0.897047 0.000010 0.102933
0.077541 0.839257 0.000010 0.083192
0.000010 0.899433 0.000010 0.100547
0.010427 0.888276 0.001879 0.099418
0.000010 0.903558 0.000010 0.096422
0.000010 0.905873 0.000010 0.094107
0.029894 0.884343 0.000010 0.085753
0.018558 0.847670 0.030999 0.102773
0.000010 0.907079 0.000010 0.092901
0.025387 0.889348 0.000010 0.085256
0.067465 0.845487 0.000010 0.087038
0.000010 0.922896 0.000010 0.077084
0.001831 0.915072 0.000010 0.083086
0.937866 0.000010 0.062114 0.000010
0.000010 0.000010 0.000010 0.999970
0.000010 0.000010 0.000010 0.999970
